subject_id,session_id,split,window_idx,f000,f001,f002,f003,f004,f005,f006,f007,f008,f009,f010,f011,f012,f013,f014,f015,f016,f017,f018,f019,f020,f021,f022,f023,f024,f025,f026,f027,f028,f029,f030,f031,f032,f033,f034,f035,f036,f037,f038,f039,f040,f041,f042,f043,f044,f045,f046,f047,f048,f049,f050,f051,f052,f053,f054,f055,f056,f057,f058,f059,f060,f061,f062,f063,f064,f065,f066,f067,f068,f069,f070,f071,f072,f073,f074,f075,f076,f077,f078,f079,f080,f081,f082,f083,f084,f085,f086,f087,f088,f089,f090,f091,f092,f093,f094,f095,f096,f097,f098,f099,f100,f101,f102,f103,f104,f105,f106,f107,f108,f109,f110,f111,f112,f113,f114,f115,f116,f117,f118,f119,f120,f121,f122,f123,f124,f125,f126,f127,f128,f129,f130,f131,f132,f133,f134,f135,f136,f137,f138,f139,f140,f141,f142,f143,f144,f145,f146,f147,f148,f149,f150,f151,f152,f153,f154,f155,f156,f157,f158,f159,f160,f161,f162,f163,f164,f165,f166,f167,f168,f169,f170,f171,f172,f173,f174,f175,f176,f177,f178,f179,f180,f181,f182,f183,f184,f185,f186,f187,f188,f189,f190,f191,f192,f193,f194,f195,f196,f197,f198,f199,f200,f201,f202,f203,f204,f205,f206,f207,f208,f209,f210,f211,f212,f213,f214,f215,f216,f217,f218,f219,f220,f221,f222,f223,f224,f225,f226,f227,f228,f229,f230,f231,f232,f233,f234,f235,f236,f237,f238,f239,f240,f241,f242,f243,f244,f245,f246,f247,f248,f249,f250,f251,f252,f253,f254,f255,f256,f257,f258,f259,f260,f261,f262,f263,f264,f265,f266,f267,f268,f269,f270,f271,f272,f273,f274,f275,f276,f277,f278,f279,f280,f281,f282,f283,f284,f285,f286,f287,f288,f289,f290,f291,f292,f293,f294,f295,f296,f297,f298,f299,f300,f301,f302,f303,f304,f305,f306,f307,f308,f309
3,1,val,0,1.2007229054051138e-08,1.8105312869788383e-09,5.230971828093143e-10,1.3609258757461147e-10,6.372714688937125e-11,3.6235607249240727e-08,1.5004962023514083e-08,3.284247165010827e-09,3.1185404346141913e-10,4.14874353954534e-11,4.3842710998079597e-10,9.910091050069347e-11,2.1339935409843807e-11,3.533923697483587e-11,1.0696465946434543e-11,1.4013885620108942e-10,2.8125105434834242e-11,1.0826060602499855e-11,4.2220882915763813e-11,8.655426618803048e-12,2.384459147070248e-11,2.0096595458676283e-11,2.2354845191962756e-11,1.873144136410447e-11,1.0810463021724728e-12,4.846244143201467e-11,4.1997353444275386e-11,1.745522487001676e-11,7.586953478850994e-11,3.717169692957553e-11,5.517714903189009e-10,1.6483025112395763e-11,9.494668378220368e-12,1.5719954990688132e-11,7.44824948137333e-12,1.4645160564897312e-10,2.2431266134155817e-11,3.4233032798953316e-12,1.1832535180478832e-11,5.396445116973322e-12,7.492593408766307e-12,1.093633655346634e-11,1.349671734745812e-11,1.7449221048356576e-11,1.275794644109454e-12,1.0289784527861171e-11,1.0174843620795438e-11,1.7636031019342274e-11,1.8252353803218485e-11,1.5392390654822481e-12,1.2787264867436352e-10,9.248274557537046e-12,6.870542357310828e-12,1.505155445886002e-11,4.6387556583996906e-12,7.733273256882696e-11,2.3724223461302955e-11,2.628484556829132e-12,1.2571711733797095e-11,6.631067186190864e-12,1.2858725653778785e-11,9.96222191884275e-12,1.303370309623314e-11,1.0049939746661326e-11,1.1502742641464973e-12,1.213957249622061e-11,8.832221635625418e-12,1.5998786381616283e-11,1.5283890668742213e-11,1.31782043324226e-12,6.196344430798352e-11,6.59675607285644e-12,7.111208074953234e-12,1.0009368336503304e-11,1.185069656720266e-12,2.765044988494739e-10,9.337996972019494e-12,4.81864220771367e-12,1.3374786190895583e-11,1.9157891974672257e-12,1.018310985234509e-10,1.9306483437150948e-11,2.8387517079665837e-12,7.565437795302392e-12,4.087252114605357e-12,3.595047690260149e-11,1.0688074259379214e-11,3.7359311275877974e-12,7.133413468964781e-12,7.152617551485953e-13,2.3386765395187954e-11,8.327415040898478e-12,9.280738958957409e-12,5.434947277889616e-12,1.0216491244369924e-12,4.753736301059938e-11,8.51872435994898e-12,5.645581596555816e-12,6.289209667013496e-12,9.244002781626992e-13,1.2517573645896943e-10,6.629089886975877e-12,5.430921239039225e-12,6.613086453050967e-12,5.245076512732015e-13,2.4846562342084337e-10,1.0754473637150461e-11,6.82850465226955e-12,1.2574855288324691e-11,1.6678747636142155e-12,6.318032746576839e-11,1.52325946691514e-11,6.763123599687545e-12,1.4895350913202978e-11,1.885145658832464e-12,4.210003113493932e-11,9.5309913361739e-12,3.714374183209505e-12,8.444106438270026e-12,8.727198310861292e-13,4.854715876080198e-11,9.193650554681506e-12,5.534849697780569e-12,5.266653264978401e-12,9.683144570224383e-13,1.0351902987258207e-10,9.818414200844164e-12,5.0449095036278e-12,1.509206941304057e-11,8.382252541845075e-13,1.7569346402381595e-10,1.347141883694904e-11,1.3235828593972752e-11,2.908130799812155e-11,1.3735309552600886e-12,1.5735293080989482e-10,1.8503515362058725e-11,1.2585918679438413e-11,5.2231989997050676e-11,1.7265596275318165e-11,1.211386511448314e-10,1.9348587302718237e-11,1.3176922887967788e-11,2.9334891838851695e-11,5.919938127721776e-12,1.1404316813736784e-10,1.3237772188025324e-11,1.540301870010329e-11,2.918070302527476e-11,6.981572481722137e-12,1.4882339371664852e-10,1.858131675686977e-11,1.2034095624024458e-11,3.9570327225041426e-11,6.547914254320948e-12,2.0191923075393749e-10,1.5375701010179274e-11,1.0055334393501635e-11,3.26228000001819e-11,5.727409676056568e-12,4.999056974246743e-11,1.1599519696138006e-11,7.237244994938554e-12,1.8008470564949136e-11,3.703200227483494e-12,3.932312655057791e-11,1.1778806257325096e-11,1.0210181861336532e-11,2.0114135340923402e-11,4.3553970761733595e-12,3.8042767711924736e-11,1.1650301611288385e-11,4.280173185212553e-12,7.990236462266832e-12,1.579980057057999e-12,4.69289516835892e-12,8.206322534292478e-12,1.276225515107045e-11,1.0942267953500857e-11,1.1291683747658132e-12,2.4444641306418788e-11,8.87341960045525e-12,9.641202298405772e-12,1.102300322370674e-11,1.0890403150075237e-12,1.3173769603474636e-10,5.762010019887133e-12,5.22716378533884e-12,8.942172874695615e-12,1.3539661282552682e-12,1.9532199749575228e-11,8.028582499867489e-12,8.322142738160675e-12,7.079518247776027e-12,7.715167666387717e-13,2.5055728023947833e-11,7.191946874292694e-12,7.018844671012964e-12,6.680330559898954e-12,9.84792940149596e-13,7.520645731148419e-11,6.4320396604876884e-12,5.248168480499953e-12,6.4463936596011355e-12,8.387066642971383e-13,4.6006964669420374e-11,9.072609859329117e-12,4.896905837275238e-12,5.231289704554083e-12,8.958028508908272e-13,7.330208584990303e-11,9.127093392671043e-12,3.6327919098616507e-12,8.558354304828223e-12,9.775590550230989e-13,8.396357238062856e-11,1.0778716944619799e-11,5.7515077752654635e-12,1.2208007510169448e-11,1.4750947269213924e-12,4.651396190016216e-10,7.684834897975807e-11,6.543026604863492e-12,1.4807563704585486e-11,2.776730734235537e-12,1.476844698469866e-10,3.0073517656765904e-11,1.031918557395251e-11,3.4574318809194773e-11,1.884386767203591e-11,3.9272306944719614e-11,1.2070184799393281e-11,4.082677133524958e-12,7.441974625413615e-12,1.5876876934781566e-12,6.769239329371181e-11,1.617552471142153e-11,3.224861835388974e-12,6.3017175686053516e-12,2.2963876522755403e-12,7.034757556415257e-11,1.576262253411967e-11,3.4304043404463136e-12,8.466862159624822e-12,1.6305471962878002e-12,6.359769551259224e-10,9.056415124791478e-12,5.5914654500318606e-12,8.274991803763252e-12,2.1717784879818535e-12,3.97682891190253e-10,6.423118238100952e-12,7.908467470375674e-12,8.729138548219039e-12,4.503873040037895e-12,1.6668313254204924e-10,6.0270907884825585e-12,7.183914461284911e-12,1.113915223926531e-11,1.6218950424394231e-12,2.4205070984290327e-10,1.1836643884507381e-11,6.85638369457521e-12,1.4986146959562394e-11,1.7950592119637244e-12,1.7989937719366512e-10,1.3575050334051165e-11,1.2282416023024636e-11,2.7242037731045198e-11,1.518381023454752e-12,5.57968044063176e-10,8.404686111680629e-11,6.928143095420894e-12,1.529717111105749e-11,2.782819829167397e-12,1.5951665508568635e-09,2.871301298134116e-11,1.1897394965724195e-11,9.710302504166728e-12,4.064931582642582e-12,7.753567175903825e-10,1.8271746745725695e-10,2.6481273209262433e-11,6.16570352073689e-11,1.8274917817415762e-11,2.7996614222356487e-10,8.52520409177248e-11,2.1442361202449384e-11,2.1618214318386938e-11,2.8596755710159105e-12,2.1244535489930272e-10,6.530433008748686e-11,1.387263253933182e-11,5.2137114313984e-11,1.303421596219656e-11,9.562890505459637e-10,2.879447329307784e-10,5.932321258604409e-11,6.55740772531643e-11,1.5493599689856465e-11,8.516435323183023e-11,1.3748225901323732e-11,6.1464956432406104e-12,1.8697344386988212e-11,1.6872156021254822e-12,1.1573151122775022e-10,1.343655397121421e-11,8.807128500381072e-12,4.0189921453855305e-11,2.0696760878550304e-12
3,1,val,1,1.300798617452029e-09,4.184787957866391e-10,1.0790326730864673e-10,1.5690551296832614e-10,4.61309013699585e-11,1.7523528678114298e-09,6.141618166749937e-10,1.2651765711497826e-10,1.7802018055500438e-10,3.2056586737492873e-11,2.236182126648051e-11,7.669702437065492e-12,1.4359141756186972e-11,4.888923825773215e-11,1.5554965110200036e-11,3.2358695763891785e-11,2.0441716145427142e-11,2.501911222066365e-11,7.460439690787574e-11,1.4439588789164471e-11,2.556516645013551e-11,1.0193365759186369e-11,2.6856182208439557e-11,1.570730242972531e-11,2.2816491135274322e-12,4.0972375342244204e-11,1.709112175018643e-11,3.550237838214167e-11,2.2067351867630975e-10,3.027074857986763e-11,2.528961285842497e-11,5.889024100721134e-12,6.286560750031451e-12,4.247398685741056e-11,7.928383908992316e-12,3.8432830687516924e-12,2.9187264119279666e-12,8.288001399251703e-12,2.1087417684140706e-11,3.893978704638434e-12,2.3860008805503284e-12,3.312924971809638e-12,2.1160870847108634e-11,2.0041135361853906e-11,2.1269326364018507e-12,2.8228947447791076e-12,4.888408287761225e-12,1.0118228314455157e-11,1.9833323885391435e-11,1.849386276301049e-12,2.3889667184153113e-12,1.8101355605959044e-12,3.5623713869119964e-12,2.721077251447906e-11,4.797389229771914e-12,1.650507354871847e-11,6.782640141579022e-12,5.309244320408055e-12,1.9193871747803662e-11,3.982131299149072e-12,4.751229569604458e-12,3.6359412582102533e-12,1.6451653515667845e-11,1.5522193735912484e-11,8.848846912789276e-13,6.895145679919461e-12,7.742561756895802e-12,8.57480659949706e-12,2.3774694721433198e-11,1.371443942082072e-12,9.756914936720118e-12,9.842495426514348e-12,1.6431003483051534e-11,2.1178128323204626e-11,2.397420548623659e-12,1.3642194064290294e-11,6.794965051877471e-12,7.956926342216389e-12,1.5735473858295347e-11,5.128339953584374e-12,4.610712843551507e-11,1.0079295451677795e-11,7.19668181551988e-12,1.548408756845231e-11,1.926445181284649e-12,1.4404841788695882e-11,5.954793592268985e-12,4.957481086260415e-12,7.483748071273693e-12,8.869481624410811e-13,1.2367899050674813e-11,4.755615644094868e-12,6.617885569433354e-12,1.133065812852171e-11,6.755279242726885e-13,1.650087298656165e-11,9.925954084124047e-12,4.6775596132157155e-12,1.180155602847736e-11,1.2724740839369907e-12,2.3050931315019776e-11,1.2536038699401429e-11,1.4920417976221886e-11,9.862229152439675e-12,1.2891976737561872e-12,3.986340791348164e-11,1.2637910635031668e-11,1.1456479139781313e-11,1.051155272285702e-11,1.934749459263687e-12,3.398634743027073e-11,1.2921731580315942e-11,1.1979439214182913e-11,1.7528447019616095e-11,1.4343946605776237e-12,1.719905490365969e-11,5.500500245802477e-12,5.195366656404031e-12,1.0224430463019443e-11,5.477775348945532e-13,2.3901017974952663e-11,7.399473526367295e-12,2.358160588452692e-12,1.1086079053284693e-11,5.583188133498188e-13,2.8416135737932166e-11,1.3361526158027752e-11,9.246214075623235e-12,1.2207802489749485e-11,8.791753118907666e-13,3.928270219732541e-11,1.4482302630581695e-11,1.567969593476824e-11,9.832698579827106e-12,1.0528713207398121e-12,5.290607361803075e-11,1.2154648539715125e-11,1.902382028121695e-11,5.31917923368333e-11,9.780036133859771e-12,3.654132809004395e-11,1.1363791427302303e-11,1.1844234103770906e-11,2.8658672660077906e-11,4.105998724947965e-12,4.359804585092112e-11,1.2792301879691465e-11,1.4697440512876033e-11,3.268970806913245e-11,4.6660609816804126e-12,4.745717789074255e-11,1.4980880640103122e-11,1.7472834860458328e-11,2.4196034537767535e-11,3.1763394982425335e-12,6.305560869759755e-11,1.5915202124030955e-11,1.8343022677908583e-11,1.319235392736301e-11,1.758715721254891e-12,1.7112472902642008e-12,2.9336667107775095e-12,1.507430216951211e-11,2.732230330538765e-11,3.7671451510977125e-12,2.78613725909652e-12,4.350728250556609e-12,4.098703458436652e-12,3.8611351865158925e-11,5.400055709670608e-12,8.250708359287801e-12,4.851205704922725e-12,5.460483402965971e-12,9.467915264170401e-12,8.995757322588631e-13,2.861742396871533e-12,2.7809128798427808e-12,1.2147748434684304e-11,1.4023197573955181e-11,9.458424585051897e-13,6.7765892960735436e-12,7.619482423458048e-12,3.0247908564115676e-12,1.7183538098970912e-11,1.56967882304765e-12,1.140768281524739e-11,7.038285862046188e-12,1.1305381315635145e-11,1.518605728668138e-11,3.779664751905019e-12,1.0439710413837787e-11,4.627350439198317e-12,9.77989817173226e-12,1.0158339467912547e-11,5.776022136999775e-13,1.586215756663606e-11,8.123250950410913e-12,2.494323549574433e-12,1.0411959135996526e-11,7.953913180284505e-13,2.200907354085162e-11,1.3222290286776514e-11,1.4488680440450835e-11,1.275783729740544e-11,1.3997737697319518e-12,2.020283790203264e-11,6.445060385465762e-12,3.4943155772419744e-12,1.1650584995278131e-11,5.350207443646987e-13,2.7649766937463124e-11,1.1916710202549054e-11,4.9536564831538906e-12,1.127896477685183e-11,8.118368748348173e-13,3.335216892679437e-11,1.1992497719690157e-11,5.654415374714118e-12,2.1252391154893636e-11,7.490166676486313e-13,2.645094302274506e-11,5.212631234591844e-12,6.553842798102835e-12,1.811869576860254e-11,2.3883188425498393e-12,2.5188844413170283e-11,5.954900021573482e-12,7.302235603436904e-12,3.7272087905715363e-11,1.4213113041775751e-11,8.544721576933329e-12,5.190164813340908e-12,4.9322175495402434e-12,9.5072834112544e-12,8.12681335452613e-13,2.4979405400531877e-11,7.626143873557074e-12,5.132814762370626e-12,1.0179451172327791e-11,1.349085804756594e-12,4.537447641949535e-11,1.5689413865378498e-11,1.4284034611792564e-11,1.6786154569720114e-11,2.8902709078036947e-12,1.7254512427163037e-11,4.3101304458650116e-12,3.900151652810179e-12,8.902854771365055e-12,2.6997270781523685e-12,2.1744603290895907e-11,5.448051959514259e-12,6.213737090246368e-12,1.0673724967330368e-11,4.294474965382694e-12,1.906174709284117e-11,1.1155152088378345e-11,1.3294601943909284e-11,1.991250190057339e-11,5.146358396852208e-12,3.6981681407901545e-11,1.266823225844e-11,1.1860027652933016e-11,1.1927454364627726e-11,2.664970409060841e-12,3.9662039129453665e-11,1.463171937065683e-11,1.5913695344728865e-11,9.529473740300409e-12,1.2045973901159997e-12,2.2524399006276404e-11,4.814571717186306e-12,6.778135095328497e-12,1.9777597631590097e-11,2.2750599130472165e-12,9.813989351961483e-12,3.0792519706369524e-12,3.3847809344436623e-12,1.7458436354048e-11,3.8185599665888756e-12,3.243114218857497e-10,8.758786714940037e-11,5.5066551598006996e-11,1.565529456653656e-10,2.731077144441433e-11,2.8396890977139975e-10,9.349966360516551e-11,2.976401677898404e-11,1.9613632775801795e-11,2.43707444238852e-12,4.548336144485443e-10,1.4036718568541923e-10,2.1707429440610362e-11,2.937200635185913e-11,6.718252235088783e-12,7.083012864880176e-10,2.5129259308164537e-10,5.272967741921732e-11,1.3207371507078143e-10,1.792617889444225e-11,2.8540433619018327e-11,9.121697386244763e-12,6.152724941634222e-12,2.159514907893475e-11,1.317393364815105e-12,3.740542247424487e-11,1.50360818043964e-11,8.287030224788816e-12,2.5230743917917365e-11,1.0579723501092063e-12
3,1,val,2,5.415209785138203e-10,7.910144237922861e-11,1.5535845130652836e-11,6.58340452802772e-11,1.930428735000581e-11,7.94298370293623e-10,1.2087889905776845e-10,2.3130518397541888e-11,1.110023675380347e-10,5.010560772358128e-11,1.685600651e-11,6.053315738833033e-12,3.5708444223886036e-12,2.6045845331762723e-11,1.1052498097987703e-11,1.57797404056962e-11,3.996421100517692e-12,3.6426805386602435e-12,4.458567061215826e-11,1.2570137812520836e-11,2.085835798581222e-11,6.089962209591112e-12,1.904363385145777e-12,1.217180777984714e-11,1.95037827293117e-12,4.376509499088072e-11,4.098394043028991e-12,5.484611797693955e-12,1.3470504272380308e-10,4.44945120756335e-11,6.837740204999985e-11,1.3283568818876464e-11,5.418192440622261e-12,3.103044692415858e-11,1.5226085526864336e-11,1.2656254324237953e-11,4.069455086703497e-12,3.3293401669288515e-12,1.445290439741496e-11,5.488368208219639e-12,6.21365837734168e-12,3.056737661759968e-12,1.9611891979966013e-12,1.174786194692533e-11,2.372212450129995e-12,5.927273659800118e-12,3.8083325323301366e-12,3.949409978787469e-12,1.2321204901253612e-11,1.9208734943092564e-12,1.0658724880593928e-11,2.8391467373184183e-12,3.840852879690659e-12,1.7529806921325483e-11,6.16732913369441e-12,2.8429886271363416e-11,6.0355052060490685e-12,3.83448109554067e-12,1.0562918833062729e-11,5.64312609796479e-12,9.964182750236812e-12,2.0641047529366337e-12,6.563398688906815e-12,5.510607136484782e-12,1.3527610046957975e-12,7.428416471994166e-12,3.852917403481722e-12,2.1269709350990448e-12,1.073920945873896e-11,1.4815600201731218e-12,2.854574778387363e-12,2.7559404488582108e-12,1.2745081624036958e-11,8.774500868229895e-12,1.7263597938823206e-12,4.64914147967399e-12,2.800597233818284e-12,3.689031819998199e-12,1.6016600560698748e-11,2.5161885658956636e-12,3.271516326708749e-11,1.5546183588923726e-11,9.00254088167067e-12,9.074181570256651e-12,2.6880285471871523e-12,1.4691987403892673e-11,3.046134450792354e-12,4.565801712639871e-12,2.9113456658863995e-12,5.211596955060543e-13,9.471679816677962e-12,2.609187753085913e-12,3.426708544850776e-12,3.8637923963033874e-12,6.39158319974548e-13,7.43453845361892e-12,3.3679966859683344e-12,4.148838761856602e-12,6.93759851584981e-12,5.800485646255393e-13,4.118870215883703e-12,1.4890693358386698e-12,4.9933288386699095e-12,9.314245481808059e-12,5.397142303497738e-13,1.072502391136933e-11,2.6346672474710748e-12,4.092849122099321e-12,1.1642429514934322e-11,1.0423398450161872e-12,2.2809144437834977e-11,8.330381014579839e-12,6.164170528679837e-12,6.249385901239729e-12,1.9741935699438372e-12,1.518860299406811e-11,2.6378210028283696e-12,3.230457040752512e-12,3.310365011369334e-12,5.14934377774115e-13,1.6025688110602566e-11,3.4880362721741168e-12,2.0824221442688443e-12,4.7300399782172236e-12,3.4031475199443753e-13,1.1449445742146787e-11,3.0911650163237765e-12,4.4872401110874355e-12,1.2118378558775768e-11,3.21718455776106e-13,1.8455193212696535e-11,5.5993730400352956e-12,2.9724352705368156e-12,1.870674241289645e-11,9.065098702042076e-13,3.87976454246632e-11,1.357958111088725e-11,7.72456433810093e-12,1.6353561460892434e-11,1.73145038182742e-11,4.24749856414108e-11,5.693720992612332e-12,7.258456016084947e-12,1.0818232155554284e-11,8.24898064919219e-12,4.229727351642165e-11,5.753638152290456e-12,8.493827160383991e-12,1.4040755877174844e-11,8.7292435280832e-12,3.877773250307301e-11,7.43544655813182e-12,7.772763898058882e-12,1.7667934509986696e-11,6.005222326888505e-12,3.76433953356443e-11,1.0040251951172928e-11,4.532888590117883e-12,1.5466878564873643e-11,5.505056500864004e-12,7.0609388626878594e-12,2.1637211272481693e-12,2.6220658181413568e-12,1.5832245806033148e-11,4.358735823804845e-12,8.539396359249875e-12,3.0315302518855936e-12,5.596483154927667e-12,2.0440485172243652e-11,6.566205248654869e-12,1.3259152575627005e-11,2.9519799284985027e-12,3.667375147560134e-12,3.6471365988506776e-12,1.6531587615532432e-12,6.171498051617277e-12,2.1863474320109535e-12,3.4730148575665166e-12,7.489397675473786e-12,1.4438908071595094e-12,5.122765156310961e-12,3.5228688031279415e-12,5.789234503945205e-12,7.10724607059149e-12,1.047086694084411e-12,2.5915209923331824e-12,1.773848200274006e-12,6.295947005368879e-12,1.1187539489572902e-11,2.02552022567006e-12,1.0761699936076638e-11,1.7017645770623093e-12,5.52262874143013e-12,2.833211756212122e-12,5.054444068778462e-13,1.1695862799784062e-11,3.2474543968509767e-12,2.3428017510895248e-12,6.0210629029556054e-12,4.702257007482235e-13,5.2416886330522e-12,2.0899761577959343e-12,7.509978733543847e-12,9.402678637011993e-12,5.841393976875139e-13,1.7293235563682702e-11,2.6968331985023965e-12,1.8777832711731927e-12,2.939774291725132e-12,3.4450326287169577e-13,1.6093802584602812e-11,3.372625179023084e-12,3.2399192280265393e-12,8.21220302348239e-12,2.3393595405305363e-13,3.2273424783064545e-11,3.81680971744687e-12,2.598306758548777e-12,7.32882445915941e-12,1.1714501877469982e-12,5.102061270936515e-11,1.4129506777727144e-11,5.6930234811236955e-12,7.551070671793568e-12,1.8801100256642484e-12,3.3883181376194154e-11,1.5584751461917686e-11,1.0188231651230313e-11,4.2619856828618225e-11,1.3997624905275544e-11,1.309994360361603e-11,2.9959454845835746e-12,3.538902893113557e-12,3.747258891027547e-12,1.8220476889308716e-12,1.9391236692550925e-11,9.162867616129972e-12,6.586088247185764e-12,5.113820441193243e-12,9.186048035667482e-13,1.962499749256406e-11,1.0926520617215828e-11,6.392305130811207e-12,7.016525544460316e-12,2.260500436104443e-12,1.4976248748880444e-11,7.96865793319536e-12,2.960388648973802e-12,5.193095211754358e-12,1.5074465552675011e-12,7.597826132877835e-12,4.376986767444417e-12,3.193140752064491e-12,1.0769660243543663e-11,2.300894341133181e-12,2.0691849465129607e-12,1.7917389217923264e-12,4.302000777820424e-12,2.118510729158162e-11,2.3571068543842673e-12,9.129537111885086e-12,2.454924426732283e-12,3.896817184127248e-12,1.4507161581841107e-11,1.2788578511815221e-12,1.870406801772542e-11,5.770406320734883e-12,3.3930602607175302e-12,1.8135973511430134e-11,7.591213819053758e-13,4.963592787325819e-11,1.3734036346779876e-11,5.827881090966659e-12,8.359235206668349e-12,2.1414956118504463e-12,8.275646501028377e-11,2.402840969110848e-11,4.604268248478271e-12,1.5998376154579105e-11,3.980311694140628e-12,1.0373671579240363e-10,1.9506868410444077e-11,8.418857300650542e-12,5.815851163390212e-11,2.1265111903844497e-11,1.23113230011876e-10,1.74685087396757e-11,3.2623939443616155e-12,1.1288989387066888e-11,3.0288195803241607e-12,2.411312286218513e-10,2.6341176049598942e-11,6.67290724320915e-12,3.850886366055432e-11,1.0782986954035353e-11,4.941301565039031e-10,7.488310457119221e-11,1.6784730751698762e-11,9.167100238201912e-11,2.8825178430502845e-11,3.6603142719684523e-11,5.002237399031521e-12,4.108941181863691e-12,5.502534455137184e-12,2.232155345643963e-12,3.191922916591181e-11,5.9611553990766275e-12,6.744651823345844e-12,1.8930074276174065e-11,1.1060869798223394e-12
3,1,val,3,6.273354032148375e-11,8.111321048036855e-12,1.0858809880981285e-11,6.748413330176076e-11,1.9452837022222573e-11,8.47174327769881e-11,1.8334287786491788e-11,1.1326760299371732e-11,1.6063684148633506e-10,2.688199748871594e-11,1.8763902045398078e-11,4.595293927009789e-12,1.057854012492846e-11,3.118985445605594e-11,1.0382291158109856e-11,8.004416090001727e-12,3.015109089180871e-12,1.2778911201948873e-11,6.374175863012732e-11,1.088318889073492e-11,3.966426327192272e-12,5.313150373148347e-12,2.345587511424017e-11,2.0897212241643355e-11,1.4710297043970804e-12,5.10536876295964e-12,1.5659032906701715e-11,2.4475857978520888e-11,1.6606535308637087e-10,2.7340147033457934e-11,3.699604640056245e-11,3.3717767295019754e-11,5.4158983486973414e-12,2.978538428019115e-11,5.401351596781477e-12,6.366294734048248e-12,2.059850682911006e-12,6.452718758065445e-12,1.7050950347690363e-11,3.717180588003049e-12,4.009573447194021e-12,3.5098311339375286e-12,2.0959468562859434e-11,2.1458676142499762e-11,1.2128181789792172e-12,1.722794506067985e-12,5.892970920260194e-12,1.6761363811679232e-11,2.544659842874281e-11,1.1244040030903678e-12,5.657586515519384e-12,9.43682045289712e-12,7.134278692916458e-12,2.2143517990258057e-11,5.021100315949832e-12,3.4888367706659618e-12,4.598065863257586e-12,1.5370583141989822e-11,1.809935370772658e-11,3.3984831484700734e-12,3.2018405017269692e-12,4.1581658019123845e-12,2.046712219143198e-11,9.000435120165003e-12,7.700441355538333e-13,2.7370396420977817e-12,2.5906642943887955e-12,1.3062940412234246e-11,2.6444593969837018e-11,8.658214903167274e-13,1.9621234371793715e-12,4.487031869783586e-12,2.3166064643596094e-11,1.17815871433616e-11,1.43971793769107e-12,5.856817895013695e-12,5.784810200822757e-12,6.7367744686517256e-12,1.5603468388366446e-11,3.2964528239388244e-12,3.064230365859362e-12,5.64337074442177e-12,7.2412515872041914e-12,9.485838326629153e-12,1.1757519957762773e-12,1.922485879793145e-12,4.256548024745965e-12,1.9308405680362722e-11,8.606870421799663e-12,7.574923478980022e-13,2.0147958725315992e-12,2.3126168939407737e-12,2.1527791805805514e-12,7.048593394694956e-12,4.4928882836528085e-13,1.6265080366464217e-12,3.1895065695109917e-12,1.2040058557877032e-11,6.949274954777368e-12,6.512506432995908e-13,1.0305256522493355e-12,1.7781340124329034e-12,1.0941485716624826e-11,7.398178945408956e-12,9.283362968118807e-13,3.0843763509095074e-12,2.125257152780825e-12,2.980273099422122e-12,1.1507011899130127e-11,1.8127544048482223e-12,2.0127320257475653e-12,4.370684597476773e-12,1.4938933281950296e-11,1.0775411430648933e-11,9.919656209504597e-13,1.6110216980529745e-12,3.9961855367357364e-12,9.939070257501562e-12,1.0003724671615227e-11,7.512822425901544e-13,2.268715072412879e-12,4.948539596450788e-12,5.008513395139768e-12,4.280511914301084e-12,4.2482782840480013e-13,1.4875628934537268e-12,5.620607409740462e-12,6.918099562024244e-12,6.390560568074564e-12,5.154483157656872e-13,1.8620806316120767e-12,4.107469530971955e-12,3.800741885760806e-12,7.589380716668682e-12,1.1069131214535303e-12,4.156502461082408e-12,3.6140216897305896e-12,6.4934806951444065e-12,1.612597060846596e-11,8.104854800113486e-12,3.752109336250437e-12,4.546350635967272e-12,4.718909446034314e-12,9.918256716561505e-12,3.935840245413159e-12,4.457916776247188e-12,6.247101640192391e-12,2.9700069131734123e-12,9.455983981890358e-12,4.011488589858366e-12,6.374836445507773e-12,9.806292487445694e-12,2.5737043893816965e-12,1.1553072037471767e-11,3.2084221758326233e-12,4.7965478725849595e-12,5.204387554787138e-12,4.544080603549969e-12,7.782429459694243e-12,4.104072089770654e-12,5.37170081980562e-12,2.6083548757334635e-12,1.10601849365441e-11,2.200783498636926e-11,3.4198393118456453e-12,3.090235034924037e-12,7.933104680239961e-12,1.120357070182608e-11,2.9666863183264874e-11,3.8983670043794625e-12,2.709399194719376e-12,4.13109287770212e-12,2.2793051669570846e-11,8.64753656555351e-12,1.1910549176391779e-12,2.926074002644503e-12,1.9468950158613713e-12,7.353677723645796e-12,1.3317427492329645e-11,7.73432139808493e-13,2.1451865515858204e-12,3.6003677716114395e-12,1.1230326344019372e-11,1.6554547655834942e-11,8.644521153114526e-13,3.787285964110289e-12,3.218537372219886e-12,1.2618172287742148e-11,1.4746387087134375e-11,2.9975341887497742e-12,1.6323804150024376e-12,3.906618289742983e-12,1.807338356561925e-11,8.183084640671676e-12,6.045028261150609e-13,2.2871748525846617e-12,2.895433927124826e-12,4.589827421919157e-12,6.8463551354404575e-12,4.4736798390805966e-13,1.0140611873350864e-12,2.7592206244236647e-12,1.722418699164455e-11,6.657708460500165e-12,7.95093014953342e-13,2.1545697104108427e-12,3.4592723965766535e-12,2.9510502945843187e-12,5.535110613877006e-12,4.751942057794338e-13,1.9121678706161228e-12,4.68940391483378e-12,7.971461231361032e-12,4.443304879792541e-12,3.9148774793842827e-13,2.7734592067979065e-12,6.003067912302333e-12,5.375830839748333e-12,4.633324173416393e-12,8.125320061389486e-13,1.4842229288336648e-11,5.67779735215869e-12,5.532136025864582e-12,1.2093695075972243e-11,1.7592027517505058e-12,4.790928456163269e-12,5.995242269469136e-12,8.327931709341033e-12,2.2157499827466017e-11,7.1554486930106565e-12,2.524862895954593e-12,3.972308979583086e-12,2.2256878255332118e-11,8.841813958209458e-12,1.2399497880811508e-12,2.3009242710402e-12,4.394391523693883e-12,1.2073350858322345e-11,7.712688417201333e-12,4.546018860336827e-13,2.6425442492034002e-12,4.8562937672381445e-12,1.2953537887736057e-11,9.710749078016781e-12,7.132778584715631e-13,3.721090624851142e-11,2.7639321774550312e-11,3.877730774238016e-12,9.005479602251172e-12,1.840975673176302e-12,1.4194909226543586e-11,1.32511088826625e-11,2.531581779000974e-12,1.358878917465784e-11,3.0254897245434517e-12,3.0816463556816235e-12,1.7614602387958449e-12,1.0494679996249745e-11,2.6677121696618887e-11,5.0348779651371e-12,2.506443719697417e-12,1.7338076548652446e-12,3.0707074244848907e-12,1.5760521904573304e-11,2.672933230825646e-12,1.85290377829218e-12,3.837193197626798e-12,3.817082633894232e-12,7.299995511538643e-12,1.0183672376085996e-12,1.7849852215156263e-11,5.4257170780389965e-12,6.174837441445131e-12,1.3197116172689901e-11,1.6553398189829416e-12,1.434428337984101e-10,7.503736762211198e-11,1.0947369639928976e-11,1.6755460328599397e-11,3.145301166556263e-12,2.5785726523901743e-11,4.534730088083612e-12,1.4980370728296718e-11,5.99441261808041e-11,1.5957815049435963e-11,1.3099526548167514e-11,3.607730652077659e-12,1.0810974819436072e-11,1.5177684968713015e-11,2.3395913012486555e-12,2.445842766947181e-11,1.0873868617883216e-11,1.86674339808323e-11,3.928580576885288e-11,1.50739267945518e-11,1.0100281978808814e-10,4.222392593779793e-11,8.685989334735569e-12,1.1896655632163319e-10,1.5246359273198858e-11,3.241265311722359e-12,5.4632618670361916e-12,6.5760964995778635e-12,9.925102919676672e-12,1.3386765263599477e-12,4.7513135464402415e-12,1.128722703794949e-11,4.350301735176506e-12,8.769159701102506e-12,8.340098214552533e-13
3,1,val,4,2.2839366261560596e-10,4.262157847333679e-11,9.613945305141001e-12,3.793407177063353e-11,1.1477004091220513e-11,3.790094854085324e-10,8.5287604128669e-11,1.0204394338019043e-11,4.7194660506942307e-11,1.2303124978845437e-11,1.0299363888333316e-11,2.4100733330524045e-12,4.447647597454e-12,2.7919809341300645e-11,7.985554195035884e-12,5.765618084393334e-12,4.369470842210625e-12,1.936603449384296e-11,2.9111568700564306e-11,7.496535998357271e-12,1.9173697753109482e-12,4.027103727433318e-12,2.2393229945819062e-11,9.535358812274723e-12,7.924982188861176e-13,1.5764909159294235e-11,8.021633947402427e-12,1.2385487315919365e-11,6.323739943980393e-11,2.4862169281340932e-11,2.932313167843063e-11,7.488622854332668e-12,2.6027166491360863e-12,2.04721766788155e-11,3.043162008854663e-12,5.632120615230997e-12,1.1209161463816457e-12,3.3439380631145892e-12,1.0481039224394207e-11,2.4638489399445146e-12,1.1093200414586521e-12,1.5378319800452204e-12,2.025275102071541e-11,9.562934409571775e-12,9.61643974357955e-13,1.1305529338590078e-12,2.292013041774221e-12,1.4674112757702858e-11,9.145752189744624e-12,1.0263436927132945e-12,3.7408586210437295e-12,2.360294780737407e-12,3.6041778364673127e-12,7.095442230881923e-12,3.76528079909749e-12,5.750704074256523e-12,4.866802212821218e-13,1.1636024265514212e-11,9.147340599747367e-12,2.4912227547388135e-12,5.679327058972941e-12,2.507975453297686e-12,1.130662645340338e-11,9.5723413430006e-12,8.687322722901798e-13,8.24642208578408e-12,2.5759953653617926e-12,9.030175771627537e-12,8.576459936215458e-12,2.0012069494755594e-12,3.959917334771848e-12,1.112383868085745e-12,1.2553546427229076e-11,9.297781242649356e-12,9.85135242527019e-13,5.357367086446777e-12,1.49728108669548e-12,5.856994257098192e-12,9.904115860577812e-12,2.846889037009938e-12,1.0354243811335033e-11,1.3884176371886757e-12,1.7719537041092e-11,7.047499896510529e-12,1.1081418817690163e-12,3.653187134040933e-12,1.6171708477687283e-12,1.2172534667900104e-11,3.722064410947126e-12,5.439668257709629e-13,8.221704052447067e-12,3.50056662521183e-12,4.947616326369344e-12,5.688501150923496e-12,4.2562759891372864e-13,7.822617707279843e-12,2.6358799449314834e-12,5.987388277510395e-12,5.91222390436101e-12,3.8107466106300015e-13,5.138938779280679e-12,1.1497509539256372e-12,7.79559038936986e-12,7.553216235503173e-12,4.0431352382441473e-13,8.502785065151984e-12,2.860239612781592e-12,7.002794510199524e-12,8.213125061070935e-12,1.834314267520734e-12,5.707624103598359e-12,1.5392073786182717e-12,1.2041923351469473e-11,5.132897262793949e-12,6.952106391252693e-13,4.383140230531474e-12,4.070704266232985e-12,4.6514364399242044e-12,6.07182634807811e-12,3.6577975571614255e-13,1.032772641038513e-11,4.565534551961788e-12,2.714072962224824e-12,5.3950731712386754e-12,1.8937195662470305e-13,1.0976673110879101e-11,2.3996806525888262e-12,5.219230797399733e-12,8.118617631468998e-12,1.4707392439613823e-13,1.153443744787366e-11,2.8350535876701332e-12,5.909919681773118e-12,7.916092035763779e-12,7.432367163000638e-13,1.124359385325976e-11,3.6056843561691034e-12,8.407135746662964e-12,1.5606015862490883e-11,7.918933364270339e-12,7.600965678992026e-12,3.231470935977668e-12,1.892749390085353e-12,1.1413208585592482e-11,2.962423838475844e-12,1.0162593481159171e-11,4.542789688176617e-12,2.3639009306991607e-12,1.2174726542092074e-11,2.6114461263778037e-12,1.4391841154570562e-11,4.4570039641438764e-12,3.4957881372932114e-12,1.2319394731221695e-11,1.2152701749348044e-12,1.7653854391026183e-11,4.337264004421394e-12,4.331021902105502e-12,1.0538333024793982e-11,1.8969716421624906e-12,2.1628830871688264e-12,9.87692017892492e-13,1.083753928674776e-11,1.1771139607552164e-11,2.6431215882788255e-12,1.7136049299111746e-12,2.0321050645307663e-12,6.155444448494949e-12,9.735739225196515e-12,3.2701416906220375e-12,4.9029202969255785e-12,1.0227877780670373e-12,1.1691838117335614e-11,4.460966350229818e-12,6.942838600256371e-13,5.413970233800999e-12,1.4653409159781265e-12,8.313582569950018e-12,8.690073394189349e-12,9.136839391489277e-13,5.282181662381295e-12,2.208801950570987e-12,8.254967251653954e-12,6.155685148589417e-12,9.006604609430822e-13,3.4216643055862542e-12,9.479725680580227e-13,1.0192759389606914e-11,8.091633552547399e-12,2.0140785624609656e-12,4.844412572031575e-12,3.445852877556523e-12,1.0671590409100272e-11,6.482106006344061e-12,4.889875026502245e-13,1.0678695224444415e-11,3.646890154015029e-12,3.266394874753236e-12,4.542272058124339e-12,5.236755978479845e-13,8.254908552455305e-12,1.3951200203238733e-12,7.941350181590499e-12,9.348275315955695e-12,3.481067227956926e-13,8.174586771322001e-12,4.4982070862895876e-12,2.640443310948976e-12,5.8670725214674765e-12,2.1531173815382093e-13,1.0960304739715398e-11,3.2342631198998283e-12,4.325002606500433e-12,5.5952882119487575e-12,1.1779865244393212e-13,9.89696753953009e-12,5.134192035358743e-12,3.1447011979718767e-12,6.709310507280982e-12,4.3671706605124086e-13,1.560312213106111e-11,8.530342871168261e-13,6.447446729725213e-12,8.897505761988793e-12,1.5012914211472502e-12,1.084149187851077e-11,7.341467456018411e-13,1.2506196568242643e-11,1.2910345255990711e-11,3.458935381014353e-12,5.053008780856817e-12,1.1202665112058531e-12,1.1458439399693763e-11,4.59249534541812e-12,7.883528891120742e-13,6.930925670763012e-12,1.0374933849441064e-12,1.6413844739790435e-11,3.642962627168019e-12,6.22592709282934e-13,6.8407750872200966e-12,9.503449086883362e-13,1.4968475228918192e-11,4.895570531194499e-12,6.692933093111307e-13,1.0197757143170529e-11,4.535288330470557e-12,4.345895226545742e-12,7.010000003701697e-12,9.400742697361086e-13,7.435377852367399e-12,2.835733548003327e-12,4.8217070083880645e-12,9.356914277951505e-12,1.9869832323255607e-12,4.770483544320694e-12,1.3510530310298996e-12,8.898425947470101e-12,1.2298573125044748e-11,4.526395278952346e-12,8.262473420533184e-12,2.6340750653433813e-12,6.738557077954843e-12,1.0436495577013641e-11,2.6992213494418197e-12,1.1751149204265873e-11,2.502310089478911e-12,6.07136437441559e-12,7.814594336077779e-12,9.540474759806825e-13,1.610334013879402e-11,7.295663849269784e-13,5.680179202523716e-12,9.305230345659789e-12,1.3909065865496363e-12,4.596634564271441e-11,1.2324302492983928e-11,3.863738306191214e-12,9.349227362378451e-12,1.6577020984834771e-12,5.274759314662407e-11,1.2671110380212487e-11,4.8708608642680055e-12,4.2972373974636066e-11,1.117124614551317e-11,4.873351334046225e-11,1.1651724712766084e-11,1.3396821457801143e-11,1.074216324842595e-11,1.973752984257606e-12,1.0691399205592024e-10,2.2416632752515723e-11,1.2927039048296288e-11,3.29374585712601e-11,5.627930911134768e-12,2.532968620890498e-10,4.9717233776283527e-11,6.1521949058573676e-12,4.387655167261628e-11,1.1976817950022257e-11,5.265622796311142e-12,4.723312832115953e-12,2.123180422027e-12,9.062561956344577e-12,9.460993246289638e-13,1.1996401171414813e-11,4.341324398278918e-12,5.931864868238626e-12,7.994286477291103e-12,4.15706976343026e-13
3,1,val,5,2.768369113482833e-10,3.752232067180674e-11,1.5880570043550388e-11,7.58066925892564e-11,3.987203807388517e-11,4.583036689392188e-10,3.6387128514944714e-11,1.4746531565396258e-11,1.2475946912009418e-10,1.6345214143889945e-11,7.625598494218945e-11,1.2017038568072997e-11,4.119867547697834e-12,2.6665620754946434e-11,3.7242299208389044e-12,1.5769247094995485e-11,6.8236257501165505e-12,2.3391951454221852e-11,5.0674415280219085e-11,8.469582117795326e-12,1.3491970235692068e-11,8.673939526660868e-12,2.534675599698288e-11,1.685396071419437e-11,1.3902943400196796e-12,3.765313461163901e-11,4.653822966778577e-12,1.889907837420568e-11,1.0459276115552989e-10,2.4578442159999303e-11,1.4310150176946725e-10,8.615728130289274e-12,4.947904695375598e-12,2.074944348655779e-11,2.938947100633857e-12,2.1378536947538858e-11,3.2685324767935536e-12,8.533284137851857e-12,1.3727300857294478e-11,1.4028709501136127e-12,2.5783052554473178e-12,5.444026006377772e-12,1.6406721723942215e-11,1.7823114668885344e-11,1.0892879021184163e-12,6.843225867984129e-12,3.837022126702023e-12,1.56175879836758e-11,1.3261119930049767e-11,1.340699080177251e-12,2.7829414422606326e-11,2.6736683616589654e-12,6.334309095713342e-12,9.928816083818974e-12,2.4097265077006327e-12,1.8203415384020628e-11,3.8458787454812075e-12,5.6337541500821355e-12,5.884990276337415e-12,1.5830283807310559e-12,3.7625613919441014e-12,2.5960405008582433e-12,1.1966434918127484e-11,9.792660973942877e-12,4.842609552795928e-13,4.99247653974952e-12,4.190653673974777e-12,1.1043474827755633e-11,1.383959995506794e-11,9.264450724703205e-13,9.617172191758868e-12,1.67248371303373e-12,1.581508167346535e-11,6.3594435633662595e-12,9.545925930331775e-13,2.351435782132192e-11,5.988205009123566e-12,7.662581429903122e-12,1.002064707592123e-11,1.567713686830393e-12,1.8034518255840335e-11,4.434467631848213e-12,9.76884428625575e-12,4.699326092625322e-12,1.8727925974436165e-12,1.0271189931378808e-11,2.607260734905034e-12,9.222704740048087e-12,5.561222183215212e-12,3.3796516037088634e-13,7.025198419822979e-12,3.57494351003839e-12,8.070175554277671e-12,5.92805294458187e-12,2.746456642629549e-13,7.65059909003462e-12,2.147473964738547e-12,9.908822497495979e-12,5.741577462581749e-12,4.5142284947922466e-13,7.658860292864285e-12,2.2905475042115824e-12,1.438589646374503e-11,8.339315836107403e-12,4.2723172232780654e-13,1.049175501866743e-11,5.338746101614716e-12,9.390500712316806e-12,1.1164319772756257e-11,1.3271357830104854e-12,1.7928580943023358e-11,3.5767849144307943e-12,2.600449775753366e-11,8.144375203423554e-12,1.4530931461630458e-12,1.869618697832304e-11,3.0910978148062207e-12,1.1675000628053548e-11,7.011561069422698e-12,4.457595473544594e-13,1.3405500089785304e-11,4.309016654015624e-12,5.6794350790967875e-12,4.269962865139881e-12,2.6043116635922447e-13,1.525965114635994e-11,1.2419314426774157e-12,1.4887517030995693e-11,1.4198849693189846e-11,2.661668838831597e-13,1.5437516100838442e-11,7.575341893575373e-12,1.9490499992143164e-11,2.8214513105284905e-11,7.697703609669796e-13,2.3587798418764956e-11,4.232689804272166e-12,1.834643376497883e-11,1.61512681031878e-11,9.847913759454428e-12,3.6679500529070696e-11,2.9630077612879133e-12,2.1850315299015272e-11,1.479734802569578e-11,3.5743162881905924e-12,3.542528128018999e-11,2.5715440752306732e-12,1.4979422311196874e-11,2.3551566585937776e-11,3.889744821495229e-12,3.743982221597868e-11,6.938208023247337e-12,2.410800206617838e-11,4.549264064809668e-11,2.609378229995385e-12,1.920386479058749e-11,8.558374596528303e-12,2.0770065525116482e-11,3.251208873053503e-11,2.2784318221249757e-12,5.729065131554491e-12,3.438723449510704e-12,1.170394496050077e-11,2.0341155921524043e-11,1.844834244870677e-12,1.3306057420027908e-11,2.2445266001297268e-12,9.375609933885935e-12,1.4870611042959347e-11,3.0463775229995234e-12,7.956324963111757e-12,2.4087289621277204e-12,6.157238227681804e-12,5.246109831505534e-12,3.591407020077502e-13,3.111364173647622e-12,3.478457583226537e-12,1.053537250813087e-11,1.3014547318565297e-11,6.517939171403096e-13,5.3763174872724704e-12,2.3229649910151663e-12,1.0230575000996794e-11,9.124193947222743e-12,8.191680601256657e-13,1.2312012299150698e-11,3.4123804920158766e-12,1.1527974680097616e-11,5.9985812175542084e-12,1.2125148798789734e-12,7.518564784108824e-12,3.197832545531892e-12,1.0633815508865029e-11,5.7392815166411136e-12,2.1154659558034965e-13,7.324722901810071e-12,3.901328639400598e-12,7.193383371397188e-12,5.083447083435898e-12,3.2601441787323037e-13,7.40432418615362e-12,1.2151462825534688e-12,1.6130821943858828e-11,7.439196898110489e-12,3.236986638875212e-13,1.681001533507096e-11,4.516789100667183e-12,6.5611664561478914e-12,5.423337657045419e-12,2.3211989097924576e-13,1.351036250613568e-11,1.4141822799165784e-12,1.0404524651814964e-11,7.2721513159201966e-12,2.289729668492441e-13,2.946342711504534e-11,2.2770102782525796e-12,1.0052135913830675e-11,1.0283176971545993e-11,6.333470330402838e-13,9.189967715838689e-11,8.673666082692374e-12,4.164827615810168e-12,5.428558742882853e-12,1.182658634983393e-12,3.396757506667009e-11,5.383916835575612e-12,6.6201210793787445e-12,1.237602099317042e-11,6.789422301920751e-12,8.443019040236983e-12,2.5286807037071457e-12,6.087578946886254e-12,5.542981911305837e-12,3.6458998475699326e-13,1.4399435406901136e-11,3.2898641923952026e-12,9.866156474728198e-12,5.230704194890105e-12,5.17028356234004e-13,1.715834243430544e-11,4.7832646833516034e-12,1.9081269044515438e-11,6.008113031706623e-12,1.2809169255851754e-12,9.536165427091344e-11,9.886224366934493e-12,2.8264833339028357e-12,6.28643857193273e-12,7.417268148438032e-13,3.86562039704155e-11,6.583845542199805e-12,4.36474906701212e-12,7.348669966073092e-12,1.6742421380890521e-12,9.90391600764113e-12,4.272529097823984e-12,9.747070578644154e-12,1.3612380160688322e-11,2.236492300368564e-12,9.779158459910678e-12,4.6188098636602485e-12,1.0628834666678854e-11,1.2536403504120057e-11,1.819538687478704e-12,1.492020008922689e-11,7.068897599195668e-12,1.864238096975111e-11,2.695899697770661e-11,8.016375753159634e-13,1.0651423953576032e-10,9.400699611816543e-12,4.390835728026354e-12,5.66040935855537e-12,1.2016337039395766e-12,3.5031076752379464e-10,2.0646601694173922e-11,3.561129613530084e-12,1.0484149951378476e-11,1.36510810756078e-12,1.3546778365944262e-10,2.3535805264243382e-11,1.0701641736711019e-11,7.196481799814808e-11,5.713833949989088e-12,7.493104441448726e-11,1.3347320358721272e-11,1.69485118637949e-11,2.0389226620917872e-11,2.894364011384429e-12,1.3471025676742504e-10,1.0706524245084529e-11,1.9705325203193407e-11,4.6051553927786484e-11,8.552737453292018e-12,4.0963858798307855e-10,1.7304021057174138e-11,8.844188783529537e-12,6.692105430894517e-11,1.3499847357028396e-11,4.166875673529962e-11,3.3402160732683614e-12,2.0627151421221362e-11,1.31742223725508e-11,1.197372814197648e-12,3.5323996699676324e-11,3.4894970094055e-12,2.474188527662257e-11,3.611045485500243e-11,6.895025948481909e-13
3,1,val,6,1.8779728207405248e-09,3.707053242647064e-10,5.3485656750010995e-11,6.610334413241974e-10,5.084800638289694e-10,4.694472703937015e-09,4.2367953765040184e-10,9.138423381140313e-11,8.523303804878951e-10,7.758926140548862e-10,6.780270845262121e-11,1.1782796263829271e-11,2.070264148739936e-11,1.0210568040920285e-10,7.190636608504343e-11,2.4822068234485408e-11,1.707381145291171e-11,1.2974238425918556e-11,2.094879746709176e-10,1.55898404978024e-10,1.222712867743992e-11,5.37614693983512e-12,2.6332228477119594e-12,3.307990909427049e-11,2.9439410490111246e-11,2.8747563044191626e-11,1.3634761714629146e-11,2.7062268448361094e-11,7.039844145230743e-10,9.625970434155956e-10,6.089343326040565e-11,1.6375547315441443e-11,7.440087963270411e-12,6.61462512586257e-11,6.584866793350632e-11,1.2452555888069954e-11,7.790843005374811e-12,4.085523806920875e-12,5.002547612407283e-11,2.4719359855048396e-11,3.3747893048743807e-12,2.0813730995011146e-12,2.4324325134070635e-12,2.7172272170397844e-11,1.7846570524670978e-11,6.888307038813752e-12,2.6763958708875672e-12,2.419346812084249e-12,2.473276805076479e-11,2.9965613807914505e-11,2.2342814061615478e-11,3.5878556008035764e-12,5.097757358568612e-12,5.0788332100849815e-11,7.225063062300637e-11,1.0624630804558502e-11,9.251324558767826e-12,8.437251183624175e-12,2.7632366274354065e-11,5.829027959175976e-12,6.406160611688058e-12,4.90419625775903e-12,3.743110414545077e-12,1.2712465766889433e-11,4.825497743826271e-12,1.1022358982748644e-11,2.0558865341341674e-12,8.901257342192437e-13,8.416692570080498e-12,3.711626981758729e-12,1.3102894278153626e-11,2.9934180364313247e-12,6.14403738274162e-12,1.6394415495241925e-11,1.651236577677297e-11,4.385381054927304e-11,5.881761145019205e-12,3.000113366379043e-12,1.9050770899513854e-11,2.2404683550367222e-11,2.314938881848864e-11,9.194462353887133e-12,6.68427752320659e-12,1.9928549644519848e-11,8.22617751543241e-12,8.2899828536284e-12,7.901709490224344e-12,4.310563202507487e-12,1.1968456568625098e-11,2.0392174199433722e-12,1.3258303095029812e-11,2.8499665267292972e-12,1.7218441748406781e-12,5.432868639620773e-12,1.7496995608194538e-12,1.6841732941290625e-11,2.6868740638970707e-12,3.4619354715095885e-12,7.1634362011601715e-12,2.962332333624243e-12,2.4162921425549134e-11,4.8580217381841605e-12,4.191963067462939e-12,7.665809252570096e-12,7.700188937332177e-12,4.0046283399511705e-11,1.072099305654104e-11,5.212544940535749e-12,1.1231798414917434e-11,6.456117447344891e-12,1.5309943854508074e-11,6.13739489231538e-12,4.42752675831771e-12,1.1946813546758724e-11,2.0401160912842347e-12,1.1972810769114716e-11,6.295013718347458e-12,2.570623503918401e-12,5.223281506803091e-12,1.0638879028683881e-12,1.739175192841298e-11,4.674539023849806e-12,2.2320325121078396e-12,6.462471669909859e-12,9.483243593433455e-13,2.3157597216479367e-11,5.875036436487694e-12,4.1803370623599745e-12,1.0189940294346287e-11,1.8168350200049102e-12,2.388922587210008e-11,8.136115848823115e-12,6.178937525801882e-12,1.6140670406049764e-11,3.501807257278021e-12,3.402225327664843e-11,1.0607755853593059e-11,1.270484103960505e-11,4.25189477646123e-11,2.133275545044859e-11,2.1006559474546184e-11,7.710710882267941e-12,9.05727679614098e-12,2.0738545173189375e-11,5.259058079626212e-12,1.9336367755711165e-11,9.185045370617303e-12,1.176312429974374e-11,2.1067394289308493e-11,4.054181954689602e-12,2.558250777968565e-11,1.1074359139136124e-11,1.1009421096894376e-11,2.8799580484199048e-11,4.234281918420242e-12,3.9423963893524683e-11,1.1854991945936814e-11,1.0908300036416514e-11,2.6239056186495513e-11,1.0822931508327247e-11,3.5602421261998653e-12,5.213815043581317e-12,4.1924899792529984e-12,6.058464004238251e-11,3.588581709493295e-11,9.441718318460146e-12,2.8565124138550698e-12,4.591833792803977e-12,7.436577954912762e-11,9.699040841722912e-11,5.697145408651077e-12,6.767960822513003e-12,5.388102120191012e-12,1.935254832584468e-11,4.5374325621223955e-12,8.002659549027527e-12,1.5732501132239156e-12,1.379993605745284e-12,1.1243671814707124e-11,5.170963494357144e-12,1.0206409678284783e-11,2.417696448457246e-12,1.8849085833870846e-12,1.1051664371876245e-11,9.639100363640915e-12,2.4022301523742037e-11,3.3559299400421047e-12,3.488740944335728e-12,1.497997619124578e-11,2.0619065440935988e-11,9.633200354312704e-12,5.335129910069561e-12,3.3053355370197453e-12,6.393931992213952e-12,1.7473848129635129e-12,1.3851469862041497e-11,2.8223546673463707e-12,1.0070068050416864e-12,5.8633329999263174e-12,1.5502191780884963e-12,2.0937495239912637e-11,3.874283704387779e-12,5.792274909197665e-12,8.444284546970656e-12,3.927575558814329e-12,1.594476395298812e-11,5.4295723582712605e-12,2.252149615013389e-12,4.968548696872563e-12,6.99150627244494e-13,1.9725470343601555e-11,5.877384535176918e-12,2.5398672354239873e-12,8.591424199894437e-12,1.0488112099615925e-12,1.930676889475455e-11,8.991471455288357e-12,5.316733786877157e-12,1.3126686716601467e-11,6.583604082814842e-13,5.184731258303808e-11,9.829568191420388e-12,7.42011950957638e-12,1.05599124085498e-11,9.95413921062796e-12,2.431234517639714e-11,8.197063702565342e-12,4.7189208595475375e-12,5.277819485179566e-11,2.6924992111640986e-11,5.696599388619445e-12,7.231968423250249e-12,5.741577254775956e-12,1.951621572339602e-11,4.384098443911194e-12,1.4378200082109248e-11,8.502122380263406e-12,4.518115490554114e-12,9.209374804474156e-12,2.2692253770321862e-12,2.425366436223775e-11,1.2391867206646398e-11,7.528270239637697e-12,2.771843919048765e-11,5.018466406320764e-12,1.0942647302584418e-10,1.65531908881881e-11,7.76300793968417e-12,9.243782919228429e-12,4.173277409476307e-12,6.851416493071888e-11,1.1339851020989468e-11,6.378591376577786e-12,1.0773020582077824e-11,6.358166424667058e-12,3.104903403321971e-11,5.076378036327284e-12,4.406126721996603e-12,2.1510091489443905e-11,4.0495409201838805e-11,3.854636309754393e-11,1.0127325641387911e-11,4.88644725827561e-12,1.8819863737600304e-11,8.794464968623049e-12,2.391860353240638e-11,7.869770963059736e-12,5.856747610004843e-12,1.4782492506453282e-11,2.775588688614773e-12,5.95810169167195e-11,1.0975711273730805e-11,8.025529089927494e-12,1.2745108499993896e-11,1.2578113032731978e-11,2.0306655328747597e-10,3.65311104511117e-11,1.2137121406933976e-11,3.4106809853351094e-11,3.699354668770101e-11,4.629590635222347e-10,8.736944900933591e-11,4.5826309846718955e-11,2.6847002754889146e-10,1.6162332575603432e-10,2.403621507068286e-10,6.421648035155809e-11,5.0946150429559015e-12,2.851632526209443e-11,1.5750436383053125e-11,2.65472597019264e-10,9.006930927202638e-11,1.3365480694912193e-11,7.49163482483109e-11,2.7320015427724856e-11,3.253341580808612e-10,1.6303060661041065e-10,3.5584565838037526e-11,6.007364654385803e-10,7.490889693863508e-10,1.748694109303233e-11,8.08302232914205e-12,4.96350055276626e-12,9.789318833832495e-12,1.413203957487498e-12,2.458875265608576e-11,1.1157341121137783e-11,8.662286394724504e-12,2.4564655591599108e-11,1.1452093229965047e-12
3,1,val,7,1.0698782747539217e-09,3.8090765018734876e-10,4.501981422188121e-11,1.9934634162293138e-10,8.525178815107861e-11,1.8762965551385477e-09,6.23173258283186e-10,8.030910371601957e-11,3.234857987025128e-10,1.4289748051244329e-10,1.6467147705844567e-10,1.7017996801246897e-11,4.402476630217958e-12,6.851478976728761e-11,1.795257507419328e-11,2.5222682536357605e-11,1.7435013957149353e-11,1.1883812485959451e-11,6.223174048304397e-11,2.68663039147833e-11,2.774587632763857e-11,8.798029719550596e-12,6.074675121147116e-12,1.2230104068593892e-11,4.404938234597287e-12,1.1869564283162593e-10,2.6618558946691663e-11,1.390973774860871e-11,3.1568936998263196e-10,1.33532688017876e-10,2.91883482877812e-10,3.4606780318694666e-11,8.623988848435296e-12,4.214564445557268e-11,2.406101903041496e-11,5.701765082568406e-11,1.2256245249160432e-11,5.240073609160901e-12,1.8163930281598478e-11,9.464396137810938e-12,2.9200317881912425e-12,2.091721914086738e-12,4.797282630396235e-12,7.684620893661003e-12,2.9731213815220273e-12,1.305889042418722e-11,2.5840647853406605e-12,3.410035813152771e-12,9.3970964848225e-12,4.445536074375025e-12,5.618296714836934e-11,4.037689913092459e-12,2.898628337443227e-12,3.328122721611423e-11,1.7627596580590643e-11,7.183066752653327e-11,2.0781343992660015e-11,8.086691047415202e-12,1.0991893320795114e-11,8.768604470610245e-12,2.0107531254285613e-11,3.430056533853348e-12,3.950580137549172e-12,4.813910339670199e-12,2.0692334392596575e-12,2.7003485247443396e-11,4.804080006811713e-12,1.973743969685704e-12,3.3740447397727784e-12,1.486954291563949e-12,1.1325080748553046e-11,2.919932497556503e-12,3.3431994544982924e-12,9.014684535225638e-12,4.142963003609249e-12,2.6632732759733804e-11,3.2790953041942917e-12,3.473721032051908e-12,2.0829454467413077e-11,9.378891240512029e-12,8.120067096110418e-11,2.7598792160297212e-11,4.650217402949701e-12,1.0400008509521221e-11,3.461000196727422e-12,3.930997379899334e-11,1.0062508434028108e-11,4.335971378858369e-12,8.006140212797193e-12,1.5043296856568473e-12,2.7320226433067534e-11,5.024285245425953e-12,2.2805539795186905e-12,4.037405887277608e-12,6.303676735345062e-13,1.9238875066438358e-11,5.350274020537185e-12,3.0884215326791865e-12,4.027031976297027e-12,1.136780473713713e-12,1.0739199659988783e-11,3.848991919595267e-12,3.0676957239340666e-12,7.548731706248539e-12,1.4391172454333116e-12,2.5864773252691742e-11,8.3667648164414e-12,1.6017305526719313e-12,1.023556172710983e-11,4.155417070932411e-12,5.068160484477068e-11,2.2193344577787068e-11,1.1401934891979792e-11,1.567221426016437e-11,2.303288215585385e-12,3.311481141266399e-11,7.047423300217179e-12,2.8004787970464938e-12,1.1448216130615629e-11,1.0427334389315396e-12,3.291082406997293e-11,5.748793072635072e-12,3.0782461210673244e-12,4.163243325274316e-12,6.188664520023343e-13,1.9970452569130524e-11,5.287825962482496e-12,4.090302440236187e-12,6.7353707044055565e-12,8.780720907981888e-13,2.6703669430825623e-11,9.714529440665422e-12,3.336525832248129e-12,1.2376263493489037e-11,1.182799461797898e-12,8.691872399115369e-11,2.5693806906491017e-11,6.821355315890075e-12,2.8933410865517046e-11,4.353870543119495e-11,5.4069052115869337e-11,1.525729350922816e-11,3.262276760692103e-12,1.8277997380962614e-11,1.0590275200469223e-11,4.9288817457331127e-11,1.1882606648301705e-11,3.901766528105846e-12,1.1785068390207095e-11,9.204210844155407e-12,4.270911969993401e-11,1.2366052668655297e-11,4.705473573537666e-12,1.0770248137764926e-11,5.34779830583392e-12,6.763602531735646e-11,1.6762479962310193e-11,3.2096936199852267e-12,1.9695447473366797e-11,7.240089901238761e-12,1.4636940722019447e-11,5.011233296757585e-12,5.6660390830471654e-12,1.7895008855561717e-11,8.28267210747262e-12,2.50977060292631e-11,2.7217402490012338e-12,3.002399564775883e-12,3.317680190424617e-11,1.671608144309938e-11,4.0616105781123265e-11,8.189343210020355e-12,3.704719943180291e-12,6.749168644885764e-12,3.430118816258824e-12,1.6734673426862464e-11,2.8380331176846024e-12,2.3985974800232365e-12,4.195177837368648e-12,1.4708051037199474e-12,1.4657467835718428e-11,3.881132938095048e-12,1.7618634743248444e-12,4.468928865102695e-12,2.029864405268487e-12,1.9611737588612355e-11,2.2183712293818785e-12,1.7181762415508667e-12,1.2733701237187022e-11,7.073477067352219e-12,2.5333597266700976e-11,5.64182143992159e-12,3.0625062272585297e-12,5.688757482865771e-12,9.261223059900106e-13,3.1581186455374755e-11,5.8675120579287215e-12,2.027930220454574e-12,3.096835380208133e-12,8.022262454211923e-13,1.2628309785924982e-11,5.08366687902079e-12,4.827541845615142e-12,5.760233245639832e-12,1.3514640360411336e-12,3.245725409214165e-11,5.71119034699176e-12,2.3173759724816733e-12,6.49339929738849e-12,6.297311370185318e-13,2.556148185183501e-11,5.347027057117935e-12,4.046033714476779e-12,4.192722956599576e-12,7.668930281619069e-13,4.1609959180798645e-11,7.416533052814053e-12,3.55332075381453e-12,8.508835536448484e-12,1.7330270187415689e-12,2.5801117973577153e-10,4.332182766537578e-11,7.402532494475393e-12,1.2705181100233666e-11,5.120559772284279e-12,1.180084527485054e-10,2.013188231231079e-11,9.061405784324686e-12,4.096262214273655e-11,1.6167611008521283e-11,4.049376969508452e-11,8.494862376709396e-12,3.953126265973424e-12,7.029825404726252e-12,3.5057568510489704e-12,6.396015004282115e-11,1.9542932157134277e-11,5.174252823776211e-12,7.681598619820527e-12,1.1530065898784534e-12,6.055511665407998e-11,2.6613433409031378e-11,8.603967439800285e-12,1.1146253551169324e-11,1.5253422017284128e-12,1.0363496139477347e-10,7.724617088520042e-12,6.296663472353291e-12,1.090188107693942e-11,5.752562531852134e-12,3.785665470036376e-11,3.376619359269919e-12,3.544548577578991e-12,1.0132080046098265e-11,4.657714527813559e-12,1.3645786238059509e-11,3.156091915663809e-12,2.4252923394410817e-12,2.2339945583721943e-11,8.322210539817844e-12,2.3302216602816214e-11,7.441847874735902e-12,2.1117496245268858e-12,1.2068852578780052e-11,4.81454937372713e-12,2.7010721631443922e-11,1.0061168314483556e-11,3.2531664881088344e-12,1.1737587939875663e-11,1.2887891296922526e-12,2.8866381408621415e-10,4.505644224042961e-11,6.808360397268794e-12,1.3040435348619428e-11,6.073487219607399e-12,5.131728491526027e-10,5.866561509885434e-11,7.408399046544872e-12,2.0653004261193507e-11,1.0847276848025646e-11,2.866220319078203e-10,6.456136700170782e-11,9.45397858760739e-12,1.0431406720301756e-10,5.844289568020025e-11,2.53980251207888e-10,8.505207322001298e-11,1.0431458885724037e-11,1.8501196128078707e-11,5.1805642122738985e-12,6.544747704253329e-10,1.569841945132611e-10,1.9709094771495346e-11,5.7697778706671863e-11,1.597190443681776e-11,1.4972642769632511e-09,3.585982238995171e-10,4.706976044610434e-11,2.0004931421984183e-10,9.473586253205682e-11,4.275173023436787e-11,1.1075237651139641e-11,2.159115772541516e-12,2.1920338338920106e-11,3.190942819852041e-12,3.5602022580171566e-11,7.63320408921444e-12,5.249147201468511e-12,9.352499444430143e-12,1.6343472667165177e-12
3,1,val,8,4.3464951650972637e-10,1.084477938960079e-11,1.9497123023245414e-11,1.1051306516315783e-10,1.0977141488467217e-11,3.4545738418778914e-11,3.905225759647145e-12,1.4046111420940669e-11,1.5140661414465204e-10,3.678357654086046e-11,1.4488302655954715e-10,1.0298215171012751e-11,1.2698825572384066e-11,2.3108326566592232e-11,3.590704683464785e-12,3.4682439112588305e-11,4.1650103695911585e-12,9.189831684368822e-12,4.7313716281791214e-11,6.442618789886165e-12,3.1671580236093875e-12,2.296799535082176e-12,1.611204115507894e-11,1.0872870659256955e-11,1.8797421991361147e-12,7.985756540995587e-12,4.679664392557513e-12,1.7234225705422687e-11,1.2137214037217594e-10,4.469395141768456e-11,1.689321452575782e-10,1.4017231726810147e-11,3.992883164251986e-12,2.2571085776130546e-11,5.450135567580346e-12,5.593519715437191e-11,4.841942450869386e-12,6.487599100399149e-12,3.017370003532061e-11,3.914191317150329e-12,4.079413780095908e-12,2.0633545634184067e-12,1.092931334153866e-11,1.1546866895802553e-11,1.6877296046038154e-12,1.473039991006626e-12,9.91495174967817e-13,8.350343390252942e-12,1.008497893786441e-11,2.868736043876722e-12,2.5438499295144157e-11,3.6236180726917307e-12,3.164600352281185e-12,1.1159557165204943e-11,6.89824268034373e-12,1.8926529370213058e-11,3.1530186465889974e-12,1.0421801134731054e-11,4.560759574518114e-11,7.515025799129764e-12,4.8813673214270534e-12,3.3760324694693746e-12,1.496031903780466e-11,1.2306817203016852e-11,1.3982528596698729e-12,1.134749008425297e-12,2.8872654327373714e-12,9.926223784187822e-12,1.6231371565685487e-11,2.877621500473265e-12,3.7461869807121556e-12,7.908766540193827e-13,1.0116682155044744e-11,5.698862090634877e-12,1.927561000259635e-12,4.006129674015496e-11,3.3295074085133115e-12,4.404616051514422e-12,1.671249742546575e-11,6.882243644434216e-12,1.729628276673715e-12,2.0995640073328235e-12,7.566421554953988e-12,1.5665030116442567e-11,2.454423387418235e-12,2.468568836499441e-12,1.6694765566701699e-12,4.548304849507201e-12,8.331206504452665e-12,1.1078662720310152e-12,1.8179733335672613e-12,2.3872015918900768e-12,8.8019830232397e-12,7.004559082552736e-12,1.1157186897331108e-12,1.8001584040351613e-12,1.112892134752827e-12,4.394030070878569e-12,6.718104299176758e-12,9.730092502585704e-13,7.055674369443381e-12,9.693149953101271e-13,8.458678540453477e-12,6.3925330808854856e-12,8.875938928286013e-13,2.7343049620107916e-11,3.6183256237905273e-12,8.159769057622689e-12,7.553644463614499e-12,1.8014485800798754e-12,3.225503649092349e-12,3.741245485608755e-12,9.000641730452535e-12,1.0107947541733106e-11,1.8603593738394862e-12,1.6602307690698292e-12,1.3860340804409859e-12,4.926148633970086e-12,6.511950638776914e-12,7.757072504462097e-13,3.5975959875671463e-12,2.298268227506635e-12,3.5792446887568766e-12,6.28616360589004e-12,5.031436458316217e-13,4.0414326011741905e-12,1.4012391540590111e-12,7.774531234077605e-12,1.0681547367844697e-11,7.228917883561297e-13,1.62585898895477e-11,4.998009517771594e-12,2.5623981657561136e-11,1.8678444185808803e-11,1.694900354118662e-12,1.6542587341370394e-12,2.0429842376949992e-12,1.6375809622673383e-11,5.914265165874071e-11,1.8004381778342963e-11,3.2717117109590786e-12,2.252145817001064e-12,9.442420290250692e-12,2.8101053960436852e-11,5.1845229040938876e-12,4.943240299226474e-12,2.2886207836886555e-12,1.488091175756455e-11,2.658747778375322e-11,5.797793408877692e-12,5.0760398954837435e-12,2.882862074351252e-12,2.7163995559490942e-11,2.6842962630328308e-11,5.97328319970235e-12,7.259666003760019e-12,3.656565402881805e-12,3.001722999285652e-11,1.646199388257913e-11,9.076989312669205e-12,2.154291542066866e-11,3.8916536930065066e-12,7.113978718285926e-12,2.2846709118623242e-11,2.772734241960357e-12,6.2702751904459285e-12,1.7223409212074119e-12,5.02385048621357e-12,1.2953726740065227e-11,6.7530016856930455e-12,1.0201310384837525e-11,2.5002839792601342e-12,4.999141446079231e-12,1.900764334226027e-11,2.1943401769799826e-12,1.7074258663541315e-12,2.741091047919736e-12,1.111534029198463e-11,9.081732892621229e-12,1.6254820153210668e-12,1.3259923580114912e-12,1.2541104387213379e-12,4.94260180622111e-12,7.321132801954893e-12,1.7144399422071647e-12,1.2512507946718115e-11,1.870947356907731e-12,5.965427894713432e-12,7.234537113361195e-12,3.5504467348929063e-12,1.5926680808266615e-12,2.3389018361977906e-12,1.0108768538846403e-11,8.144565589065686e-12,1.024323337003771e-12,2.238736828149855e-12,2.2924932938850135e-12,5.138072970035337e-12,6.918363214290587e-12,1.00170610140872e-12,2.1691374089077112e-12,7.425428175338916e-13,9.205307715130237e-12,6.8459723608485334e-12,7.212093944257267e-13,2.9672247783590143e-12,2.029382706480497e-12,4.346269991663884e-12,6.196937674147627e-12,6.376314579768415e-13,3.5737447401690945e-12,1.5039469976867888e-12,4.464765717732464e-12,8.060572284100952e-12,6.686153133356188e-13,2.0665842427051127e-12,1.7265007490392192e-12,4.21933274904115e-12,1.3252768936953145e-11,1.0483456692267107e-12,1.2632362763262646e-10,6.999547097999115e-12,1.0095007043222724e-11,1.9062043394313983e-11,2.989560357960752e-12,4.107747787047756e-11,3.5928480994109098e-12,1.6001530404826593e-11,1.1131953597137544e-10,2.480529115531077e-11,9.844749739613953e-12,2.489197000059576e-12,5.0320304130849925e-12,1.9085345262994224e-11,2.313268556431346e-12,3.3482938818010546e-12,1.195802446938486e-12,6.291146815298353e-12,8.620152967696575e-12,1.1485166742246157e-12,6.3812982095451154e-12,5.186923756440499e-12,1.0040839844725735e-11,1.1515490863906718e-11,1.5926578162234531e-12,1.61944101355474e-10,1.357332751389593e-11,1.7810235695987825e-12,1.1130080709262448e-11,1.2051384961024936e-12,7.795707400749021e-11,8.332676643510283e-12,1.6448642174728559e-12,1.558700311441879e-11,3.705545210507731e-12,1.5314983467546652e-11,1.6237717208717724e-12,7.42823948954767e-12,1.2190893299066387e-11,4.771725176057346e-12,2.4331755551692846e-11,3.534790867495886e-12,7.631320906433789e-12,1.0627045933304757e-11,2.677146315062282e-12,1.7310051016423703e-11,4.815782542803439e-12,2.5724772580634085e-11,1.7003822475585376e-11,1.7446222076964482e-12,1.623596534489863e-10,8.506176607688044e-12,1.1041750573684598e-11,1.8820389640160257e-11,2.8665041988470293e-12,4.806198695041011e-10,3.960354590714084e-11,6.466115884473928e-12,2.1302187587275225e-11,4.703680306467118e-12,5.936914019682567e-10,2.3679916443677068e-11,2.09757682880622e-11,4.576702113165392e-11,9.234850897280935e-12,2.9649193617906465e-11,2.7908647524073654e-12,1.8085906896826688e-11,1.4972243032572205e-11,1.9350931174658845e-12,1.301654040158023e-11,3.979619361631948e-12,1.2744933544438124e-11,3.10089974475046e-11,7.295264446347487e-12,8.967719679184152e-11,1.1775777168416962e-11,6.673656719338966e-12,9.509468079401574e-11,1.759508022955292e-11,2.1353425821009085e-12,1.8710594909714295e-12,5.506462305165707e-12,1.8849227844771068e-11,1.6551173961618406e-12,3.54098316692766e-12,2.644487517956538e-12,1.2948413634001335e-11,2.230157680932879e-11,1.6234006597910284e-12
3,1,val,9,1.586311039424595e-10,1.2995565125942766e-10,1.3522987901937604e-11,4.1302133528086507e-11,1.2350352413159097e-11,2.469595877408512e-10,1.2001170451046645e-10,1.6073439982088054e-11,7.252658440286413e-11,2.249333878508485e-11,3.2107005417939495e-11,1.2439875475275234e-11,1.0137862465072751e-11,1.282032380430365e-11,2.3668524364097848e-12,9.698186248635974e-12,7.652339696094561e-12,1.179261887416151e-11,1.474276145959352e-11,3.633034341698179e-12,9.66855322280389e-13,1.0670562455907133e-11,1.0759051386916223e-11,1.475277347165443e-11,1.1142012036283459e-12,1.1042141774941281e-11,4.9772970588658225e-12,8.569647087022427e-12,5.5993818171308703e-11,1.208226632809923e-11,7.427760199887905e-11,9.032117951431292e-12,5.1894455795239616e-12,1.3216065563197346e-11,2.112615659023417e-12,1.7647273678001718e-11,4.57940637703542e-12,5.6379053747670965e-12,6.756866747449479e-12,1.2306352488618663e-12,4.406880874318549e-12,5.229169917611244e-12,8.05098756611796e-12,1.3538212363737562e-11,7.475119801954911e-13,1.6142163954573615e-12,5.139182440471415e-12,5.175706064006536e-12,1.6863947596147566e-11,1.1987221731640468e-12,1.0047088670487062e-11,1.5783298906562546e-12,4.503356375949911e-12,1.1093002666337344e-11,1.879042946588941e-12,1.4446809365273576e-11,2.7600902151199297e-12,3.600248681828166e-12,2.2233195461918078e-11,8.004166257075969e-12,7.539635358198817e-12,1.7525155448616487e-12,1.1617350908582936e-11,7.705739337899045e-12,3.268438340887822e-13,6.291064248233831e-12,2.7357007531281513e-12,6.7943488922334015e-12,2.609871250708779e-11,1.162067172172336e-12,3.3340486847020684e-12,1.01714776112999e-12,1.0177856384935331e-11,1.0933695956955357e-11,7.648863618334301e-13,1.0845397352776155e-11,4.617884616584397e-12,8.187386804584797e-12,1.4793014463842927e-11,4.212625869141696e-12,1.1108383094531462e-11,9.35340363864633e-12,7.622963601283547e-12,2.6613257109963086e-11,2.9185536707796704e-12,6.5243480974719824e-12,2.0285543762153072e-12,9.721993129100217e-12,6.412215409800933e-12,6.885016363239733e-13,6.333975974915944e-12,1.0985447715083236e-12,4.363942397340976e-12,7.297287006705806e-12,3.0112237908234594e-13,4.9431127898294984e-12,1.7391930940009705e-12,5.552532585685006e-12,7.607552700019391e-12,5.273491071848255e-13,4.482963244977524e-12,3.3379964678713463e-12,6.89635437471232e-12,1.023438684844852e-11,5.441751392125785e-13,5.535848672080981e-12,7.576944282883803e-12,4.539320730413549e-12,1.1828908291453333e-11,1.0698224730670055e-12,5.955376447770923e-12,4.801577332175555e-12,1.327658688000515e-11,2.1112030511118307e-11,1.1590591943498575e-12,6.634590314027142e-12,2.4050534659400957e-12,1.3948600541498106e-11,7.402005335729843e-12,5.453397619991745e-13,7.335189364015592e-12,2.32072914981806e-12,3.209051201831514e-12,5.421672737360914e-12,2.908141397837719e-13,5.792708490958725e-12,4.0838686098010305e-12,4.9928572294079706e-12,8.793150836569525e-12,4.626495358551024e-13,5.23152633699131e-12,9.591009748109537e-12,4.19499547114152e-12,3.120347046252491e-11,1.2567321422353853e-12,6.7809331792462716e-12,6.025570295036279e-12,1.2393254930942239e-11,3.870414923985382e-11,1.0177395267407219e-11,3.912082963946622e-12,6.4085431396952855e-12,1.4807631786572285e-11,2.539858142593795e-11,4.904645055047228e-12,6.8021926738219365e-12,6.947755433414574e-12,8.997834537972316e-12,2.1467118734186443e-11,4.019769868248886e-12,5.94082353114416e-12,6.615151070695137e-12,5.7528486884407464e-12,3.211570122618951e-11,2.5648284489700705e-12,5.153801341975062e-12,1.1673118679931641e-11,5.038465483000737e-12,3.076669052810889e-11,4.350100764107323e-12,9.829221709082175e-12,3.446857380527486e-12,8.52087422627464e-12,7.485856816067818e-12,8.916514430539964e-13,1.7837319300287884e-12,1.32688044600383e-12,3.757962802706885e-12,1.4452116797897302e-11,2.126759907915148e-12,9.408249016458885e-12,2.2752588169147593e-12,7.681704762101363e-12,8.275212073262241e-12,1.337950534014951e-12,6.650123192476016e-12,2.3002960029047093e-12,5.029752782683691e-12,1.0620934925975453e-11,4.323174503679026e-13,3.733706695892895e-12,1.524513079148619e-12,5.709586851457938e-12,1.263824209496516e-11,7.849953116692663e-13,4.7697424701568196e-12,2.6267296236128034e-12,8.69632470475415e-12,1.1076036871244123e-11,1.3028135938679411e-12,6.006026829189801e-12,1.1888736850195774e-12,1.1914478523561305e-11,6.591119927078204e-12,3.191864524483692e-13,7.156072953104813e-12,1.6722879731655077e-12,3.339303130544673e-12,8.290144467325294e-12,4.280765602239594e-13,4.852357504192922e-12,2.3304542283098825e-12,7.180803119187557e-12,7.573413223832061e-12,3.7347482594596765e-13,8.628884484045107e-12,2.091340963943499e-12,6.450598870216371e-12,5.271069876723492e-12,3.902046618087031e-13,7.370091172840284e-12,2.7546215790018767e-12,4.07592790038266e-12,3.85411555204031e-12,4.1018420129238214e-13,7.829068799600185e-12,4.749765199176466e-12,1.0644824085159098e-11,7.936916552523516e-12,1.0333981144508802e-12,4.4605328296586106e-11,9.690600997608657e-12,6.033391748794389e-12,6.902005611526327e-12,2.032864892020601e-12,2.0504865342569953e-11,5.4644035586517216e-12,9.219751561403388e-12,3.031042310724363e-11,8.575390990948451e-12,9.03430875902724e-12,2.424746476470126e-12,7.619817536253997e-12,8.747984521112162e-12,1.4395881927161407e-12,1.1759719458429639e-11,5.353587875750442e-12,6.0674375761196185e-12,1.0298301842998423e-11,1.1509800648263157e-12,9.853048892633062e-12,8.095754663561484e-12,8.084044171443825e-12,1.9206461457238708e-11,1.1398258703517238e-12,4.8465698784288564e-11,9.322624421817794e-12,3.696172788579524e-12,4.95106531817969e-12,1.3257089826817432e-12,2.011775533335411e-11,6.668873364536117e-12,5.533314294322728e-12,7.295268214846936e-12,2.608362729932888e-12,5.7655445810720315e-12,4.0263760656986955e-12,8.00357053614013e-12,1.3226214007549918e-11,2.222293637826516e-12,5.342186292489494e-12,7.57135787948244e-12,4.992031127830572e-12,1.2615865666480983e-11,1.1021076928958483e-12,5.17429558211024e-12,9.792085753168017e-12,4.524909614320789e-12,3.0867162746102394e-11,1.143159877696251e-12,5.23747258111565e-11,1.0794605643680293e-11,6.4329773249497815e-12,7.115847190475218e-12,1.765446764509593e-12,1.901665645590441e-10,2.2286518801288374e-11,4.7576086446160276e-12,7.28126289189307e-12,1.3927478245055088e-12,6.076647274335003e-11,4.487867565807917e-11,1.4996547724799554e-11,2.8216467856179093e-11,3.837964796959453e-12,3.285691873877891e-11,2.6459085583866637e-11,8.365993159155803e-12,1.2288279357299771e-11,1.6490453980786833e-12,6.622893387887442e-11,2.884988057197325e-11,1.1022715176335689e-11,5.137700126366681e-11,9.836038938096481e-12,2.4579065435325437e-10,4.999819321377261e-11,9.71485645143516e-12,3.6146928408726985e-11,6.312237788783785e-12,5.459552036312862e-12,5.941507564643606e-12,2.0165293585608767e-11,1.6814398724713143e-11,2.16272524431165e-12,8.161817186493278e-12,6.482840335115538e-12,1.0213227346780584e-11,1.7466693050191597e-11,9.64319508831974e-13
3,1,val,10,4.980884105954482e-11,8.230418233958423e-12,2.152169229180963e-11,6.217564605750872e-11,2.694091259599016e-11,3.113329695431008e-11,3.5763566720393308e-12,1.6241282759341725e-11,8.459608944068958e-11,3.134890503082823e-11,2.3305662567991605e-11,6.8113825156937684e-12,1.1614066876343122e-11,1.2871463711609966e-11,2.550591469812632e-12,1.0352247244998496e-11,6.6087649673042596e-12,1.841915256773933e-11,2.324152520255386e-11,7.48222038416486e-12,8.273260861749678e-12,1.1603419410257053e-11,1.991153194416393e-11,1.0478408797490865e-11,1.2275898321681625e-12,2.5242572263885543e-12,2.2655021289025622e-12,6.510124019747728e-12,7.421918577712709e-11,1.9505605343452585e-11,1.9821789795158436e-11,3.639277914951197e-12,7.40455342553766e-12,1.4589153563602128e-11,2.608287221924137e-12,6.855686125390739e-12,3.341417030044022e-12,7.744934641148574e-12,8.604335020063664e-12,2.6081647426027718e-12,8.486944922021663e-12,7.765190260223435e-12,2.2167315440663747e-11,1.3809688189303359e-11,1.1160479307419256e-12,4.92955431172383e-12,6.607291376445747e-12,1.5252355560324507e-11,1.3037040243801437e-11,1.6186358590997688e-12,3.258045750620433e-12,9.056669781294526e-13,2.71026492265248e-12,1.0081613797531509e-11,3.745437600623886e-12,4.312466072723958e-12,2.6856320830089434e-12,1.0888265760751457e-11,1.4557455981290484e-11,9.376723596082364e-12,3.0050145831205938e-12,3.116984777492611e-12,8.334388156716133e-12,6.232227826918318e-12,6.526086302604483e-13,5.3339400138479435e-12,5.921600310875674e-12,1.6205081282655004e-11,1.8233425474069957e-11,2.2331675656574107e-12,3.1835599800995646e-12,1.3822935192456114e-12,1.8351848126285968e-11,8.996852861994775e-12,1.2818841127812743e-12,5.738182120414745e-12,1.101883919405131e-12,6.384283087023671e-12,1.1873076805966883e-11,6.832016073615954e-12,3.584979280179351e-12,3.1742084342232746e-12,9.63811938040029e-12,5.3811568431822084e-12,1.0476065149747392e-12,1.3774109221922174e-12,1.8587003394925443e-12,1.155754720412083e-11,5.226898915923817e-12,6.637444407908906e-13,2.0550367244471394e-12,2.856584574427525e-12,8.977963420563476e-12,4.152778388606874e-12,4.054295808934586e-13,2.5321681392258613e-12,3.4568860060853435e-12,1.344821757002573e-11,6.434815568002137e-12,6.024584893511653e-13,2.5708879367534434e-12,8.414566499014616e-13,1.654540880545995e-11,6.106069928183363e-12,6.501230835996325e-13,7.130472114313185e-12,2.0488169420915596e-12,7.106618167922145e-12,8.340215579722287e-12,1.248930676986771e-12,3.759683362022488e-12,3.5079775630795042e-12,1.2724807096065425e-11,5.910758860042893e-12,1.0632475274722556e-12,1.7667527235930751e-12,2.2932273504752524e-12,1.0781088654576873e-11,6.007213800549124e-12,3.926088623326951e-13,1.9967637025947725e-12,4.598840729189346e-12,7.907799693577881e-12,4.330672599618332e-12,2.733826253930602e-13,1.87409699806192e-12,2.008965691371232e-12,1.8002158848535916e-11,6.455192296884899e-12,4.0603822041590387e-13,5.588554126065534e-12,3.0148488931703812e-12,1.644464960400353e-11,1.0531172408672122e-11,6.694639846309382e-13,4.117647234847323e-12,4.8952397338523366e-12,9.389024256553069e-12,1.8367596372027297e-11,1.1394417294600635e-11,3.849909808807226e-12,4.989676850701609e-12,3.776910547458982e-12,1.2286352458096408e-11,4.864709722862509e-12,4.3053037641401194e-12,5.693861923434019e-12,2.792973230505773e-12,9.399169496636243e-12,3.6422983819264035e-12,6.0229958621259634e-12,7.170598474707816e-12,1.0164957627555625e-11,1.019215812528904e-11,2.0816688504795306e-12,8.542804351243311e-12,5.280934264139158e-12,8.614049753817894e-12,1.3718616746491707e-11,4.570012982463648e-12,6.799710275947771e-12,3.877362833662802e-12,1.1519074760602778e-11,1.1083813340541601e-11,2.0446002965126705e-12,2.3729629248245215e-12,1.9050864089042732e-12,6.213962772891103e-12,1.2800785713083693e-11,3.146357508354136e-12,1.881562127315196e-12,2.09081127190626e-12,7.946159654322814e-12,6.720748132054985e-12,1.8849312329412065e-12,4.0246440524910035e-12,3.5206036997897797e-12,1.195411203164867e-11,8.61654109312475e-12,8.319561957535937e-13,3.809652139626301e-12,4.246068059165083e-12,1.3130103242315131e-11,9.80471582716447e-12,1.3919157391288739e-12,2.975736201714066e-12,5.498367740103059e-13,9.963445262278429e-12,7.593670977653864e-12,2.396860166269097e-12,1.703849150946359e-12,1.6002382683170296e-12,1.1433008793292019e-11,4.6811809197921405e-12,4.2890710064905176e-13,2.795570937889764e-12,4.142421401236983e-12,9.244062687305113e-12,4.405352686006217e-12,5.08525948147944e-13,1.6032192897348834e-12,1.0813337451869623e-12,2.050671050946782e-11,7.005106409946202e-12,4.720176600116342e-13,1.5874799425318693e-12,2.7915303911825735e-12,8.571840604803338e-12,4.844561305585924e-12,3.4225285873478146e-13,1.5743934446376863e-12,2.924528937302559e-12,1.0928766842287577e-11,5.248927207608483e-12,3.3295826412474437e-13,2.660698615498768e-12,4.805660789816825e-12,4.9756681602242655e-12,6.506754977064462e-12,6.745849448083806e-13,2.0489153987076183e-11,8.045656547955036e-12,8.888096943962033e-12,9.495740689225055e-12,1.0815128999176709e-12,7.831971671506828e-12,5.3776022234730614e-12,1.3182035158166648e-11,3.2482738138870265e-11,1.645606196252315e-11,1.494813207326916e-12,1.6139012744552894e-12,7.736714645945313e-12,6.961218667405342e-12,2.100176451240351e-12,1.8746686013918923e-12,2.7734812980488077e-12,1.1467203764611722e-11,3.85451273941838e-12,5.144387777371583e-13,5.019754380876261e-12,3.6377454777686185e-12,1.2150939741876591e-11,4.525277400806608e-12,7.37670426027418e-13,2.2998533929338592e-11,3.4737834046776293e-12,6.524776281920326e-12,6.480462344318389e-12,8.575251077809113e-13,1.3523005422069068e-11,2.820258239222604e-12,3.95725657556517e-12,1.0820671979816213e-11,4.108274231310461e-12,4.2181890283676785e-12,1.131467540798831e-12,9.593182178013649e-12,9.791450126712482e-12,3.3916103079042912e-12,6.178158113122995e-12,1.979800713676382e-12,7.934179279856124e-12,8.684832127292902e-12,1.5251044682297175e-12,5.284596809061559e-12,3.118650768148842e-12,1.4996347188785116e-11,1.0847749576079756e-11,7.881076344337036e-13,2.4980936539355342e-11,8.294708780455104e-12,9.395151721457513e-12,1.004257538150963e-11,1.033128805340203e-12,6.479332732066858e-11,7.601315542547253e-12,8.818878468748157e-12,1.065255602837981e-11,1.1538790349042583e-12,3.343590571257869e-11,9.248941953012059e-12,1.4432453872194783e-11,3.629528979665278e-11,1.1910092348573924e-11,1.6468648520924775e-11,6.92450087331499e-12,1.1457696572099287e-11,8.750976577959914e-12,2.3535264618862457e-12,8.179051528016098e-12,3.388787374465123e-12,1.2470164587725345e-11,2.36975513029932e-11,9.290758318155402e-12,1.7772252353515847e-11,4.552028353973214e-12,1.3084991309974177e-11,4.0368095514972074e-11,9.668748246620353e-12,2.688480316638789e-12,4.478204752850619e-12,5.304178910315225e-12,1.1013632319960473e-11,1.1952091352073135e-12,4.465319390493027e-12,5.77123482392502e-12,1.3782030337962506e-11,9.902884426112907e-12,7.972704236264322e-13
3,1,val,11,7.282318188821634e-10,1.4606877309466273e-11,5.145511914091404e-12,5.5139556935901515e-11,2.004484136201376e-11,6.876272868587089e-10,1.5867495324113017e-11,6.9358243828357865e-12,8.325759772330829e-11,1.6684550059578605e-11,9.547712777209697e-12,2.4751025035551464e-12,7.630806072851881e-12,1.2038288571641548e-11,8.929951287585219e-12,2.6562194705814334e-11,1.6500442232679166e-12,3.473523274956886e-12,1.6350152216687436e-11,1.3778688203788412e-11,1.9821470807492122e-11,2.232129836219966e-12,4.2246497228983974e-12,5.111484623023097e-12,1.847997144134913e-12,2.854796177592792e-11,3.041594790555778e-12,6.64189458702882e-12,1.1808521257588718e-10,1.7998548214968164e-11,1.3129331427319268e-11,2.0634470951206284e-12,2.0680624318260864e-12,1.4284883999625872e-11,3.093474106862624e-12,2.819054628780267e-12,1.197234186633051e-12,1.6431253366813897e-12,1.3539130655559374e-11,4.487031124260594e-12,3.07935477725412e-12,7.620764631087425e-13,2.0087280888092344e-12,4.016695345255177e-12,1.8718494399575766e-12,2.7993543509901965e-12,1.4526152482566783e-12,1.9982649846697402e-12,5.347686972796754e-12,1.2746834771810499e-12,3.092127369689671e-12,1.1717222824309761e-12,1.2826937933101875e-12,1.2050613179967128e-11,2.5681290532922254e-12,1.4073292412742214e-11,2.684189348875724e-12,3.5340462554649603e-12,8.517117296038584e-12,2.932236757784623e-12,2.5303981222149006e-12,9.159743012296297e-13,1.1071567567783673e-12,2.639172534073792e-12,5.745794152259646e-13,1.4979842455166824e-12,1.3565539207968115e-12,1.791872574346953e-12,2.951007256422029e-12,5.155897716199605e-13,1.9821109887705325e-12,1.1609972263930972e-12,1.9938564122043073e-12,4.219384518139262e-12,6.114305916401405e-13,7.767096029776538e-12,4.506467420592128e-13,1.2628633665637324e-12,4.866688958184046e-12,9.00721979723589e-13,3.92671848846837e-11,4.37494813826992e-12,2.2935924711555835e-12,3.555893757180899e-12,8.583863955808899e-13,9.310238613137388e-12,1.5120090654818433e-12,1.6315985707398658e-12,1.95966992406287e-12,4.2306600736152885e-13,3.1692179235457903e-12,1.1346905873729294e-12,6.699721518627597e-13,1.480107388585412e-12,3.091159980002083e-13,2.254232208038062e-12,1.245335051509227e-12,1.341647127037026e-12,1.729957903394178e-12,2.8503088136880064e-13,4.906935997743388e-12,3.9139794986085807e-13,9.4718255547709e-13,2.3243445390668263e-12,2.330747794383391e-13,1.9782384028580378e-11,1.5388597961084554e-12,1.3724521946300694e-12,2.89110038570637e-12,9.419630077109058e-13,1.5285789299389646e-11,2.4061867754248183e-12,6.028025571291214e-12,6.1222882758255836e-12,8.100824538142338e-13,7.591184768572632e-12,1.2992901590389478e-12,1.6685146950112018e-12,3.724292846198153e-12,3.212875373075001e-13,5.3425504655865085e-12,1.307210665255969e-12,1.4180681117849209e-12,2.4291301346198906e-12,3.065760480307894e-13,5.8824199849397386e-12,7.122354594794733e-13,3.0939186208109185e-12,7.719077330283936e-12,3.530758251223905e-13,1.2207154870605234e-11,1.4285448039609336e-12,4.942012302221728e-12,1.0589031879212883e-11,6.189487490411941e-13,3.465489453366018e-11,4.294876306709807e-12,9.79448531367824e-12,1.6201434097969805e-11,9.303116711765452e-12,1.595913863571544e-11,3.761425883414555e-12,4.987345958772006e-12,1.5386340776972037e-11,2.216166907278131e-12,1.8354685635658913e-11,4.472982116921221e-12,2.9776540801527733e-12,1.689754407523133e-11,1.982635489240241e-12,1.3491643327685099e-11,3.017167643993075e-12,5.4621183949784366e-12,2.8637152001149517e-11,1.7576558210227991e-12,2.932606560883122e-11,2.132489728991659e-12,6.700454509158436e-12,1.532844776948938e-11,2.673932282763041e-12,2.2036963029575365e-12,9.1390421556672e-13,2.2253112430158825e-12,8.546174838250721e-12,4.305226616228295e-12,4.037920231074227e-12,1.447216320023884e-12,2.0328024179519322e-12,1.6007459392868274e-11,2.844613753830515e-12,7.190865146858959e-12,1.7725955072171441e-12,1.411058881509865e-12,3.3091691125114456e-12,8.289464541211122e-13,1.2979151786993884e-12,6.309145201834162e-13,1.0777574270192652e-12,2.4054395317863154e-12,5.275674838296913e-13,1.7031996004653006e-12,1.1256679189833556e-12,1.7774603869691962e-12,2.4020509150377663e-12,5.830330460368567e-13,3.0211091917008187e-12,6.587187552863197e-13,9.628734661869432e-13,4.084685063198582e-12,9.203027816803062e-13,4.649414394685263e-12,1.1780541379144334e-12,7.572149606741696e-13,1.2830220599770051e-12,2.71600819886653e-13,3.0386807958304303e-12,1.0966872585775587e-12,1.3118532102511905e-12,1.3951419254491402e-12,2.8364112591971557e-13,3.1484791025815986e-12,8.593133405278451e-13,1.3296759856736605e-12,2.5216949964676367e-12,3.371489441258834e-13,5.602135345063484e-12,1.2784509189663903e-12,1.2690438188604532e-12,2.7091999791883456e-12,2.76948944731949e-13,5.137282467103102e-12,1.1389696905932816e-12,2.1612334414889053e-12,4.669040573248074e-12,3.865569646277977e-13,9.008148253243316e-12,2.5706166110145515e-12,3.1277330795476045e-12,1.20590290692434e-11,4.674679021653045e-13,2.661610963622824e-11,3.2915413656704386e-12,2.0040014744213775e-12,7.0388120162348e-12,1.4416289584128531e-12,2.185261486115286e-11,3.624534160976631e-12,2.5415581170277472e-12,1.1348025214289324e-11,7.258306866408319e-12,6.923956005749205e-12,1.925661016705387e-12,1.292124459409605e-12,3.4504581231330557e-12,7.280498005293166e-13,1.9863163199100234e-11,3.1384550798186554e-12,2.2159830740312113e-12,2.9421388690316447e-12,7.487133144002477e-13,2.0005720963433475e-11,2.4864692019826606e-12,4.285261618497868e-12,4.065947347867382e-12,7.058255264510177e-13,4.3562755266314776e-11,3.697907341555082e-12,2.2530688006405814e-12,3.885164180061272e-12,8.890755639551779e-13,2.4858711670214307e-11,1.772554344189118e-12,2.351681408048525e-12,4.793002223607371e-12,9.110521902607233e-13,6.8461820106651666e-12,4.712498556074709e-13,1.0902076325517388e-12,6.511424583897064e-12,1.2009258966069092e-12,1.725191286165523e-11,1.1787340528129007e-12,1.3298568986673644e-12,3.1353270387560718e-12,1.1980168331486685e-12,1.2742815063569763e-11,1.72738610102266e-12,4.623949668498534e-12,1.0068401745761365e-11,6.624913195640936e-13,2.1431448635120266e-11,2.8237986960824e-12,1.8715451491989807e-12,7.766297089522167e-12,1.538118755214252e-12,5.378942369558366e-11,4.593914834614636e-12,3.0667090084116108e-12,6.6430035840316365e-12,1.7306778866550177e-12,1.5545859272778803e-10,3.329660490915248e-12,4.5715013112744774e-12,3.490396882635184e-11,2.5620198706972127e-11,1.7683937216636105e-10,4.343461202117597e-12,3.704372555494896e-12,1.2275607906321786e-11,2.4989665835550487e-12,2.1795341197190992e-10,6.304222181618468e-12,1.0084417145296345e-11,3.2570837616070164e-11,4.9144080479549065e-12,2.60054355589853e-10,6.570035634377481e-12,3.4968905542870913e-12,5.459148253546408e-11,1.1792539820305237e-11,9.469802526840897e-12,2.973722805100327e-12,4.200537286784921e-12,1.3912496248388297e-11,6.173272602989356e-13,8.305118520708305e-12,1.9857168797279398e-12,8.206556197612174e-12,3.522482437669455e-11,9.477326048154502e-13
3,1,val,12,6.849266188121532e-10,9.955983916655006e-11,2.1474086551436764e-11,4.91589719953895e-11,9.160000281865864e-12,1.4936026187738944e-08,2.9639490365697318e-09,4.49795036995254e-10,1.1798464460041314e-10,8.731497537797375e-12,8.338559328300345e-11,1.7029423051254962e-11,1.4432240873394169e-11,2.338352631878032e-11,1.88069391922141e-11,7.581700284783984e-12,1.1614816054117235e-11,4.4021386347122984e-12,3.023943477341669e-11,5.4777938095253155e-12,2.9957736043518765e-11,1.0001279714784357e-11,1.994859594639086e-12,1.1297180717495142e-11,1.3890221681900097e-12,5.323879089780339e-11,6.602668010096171e-12,1.2295658580997629e-11,7.190437670691462e-11,1.3759698142115313e-11,1.3740485594977527e-10,2.8858572259391217e-11,9.574480547329905e-12,2.8894562192137325e-11,1.5066534179072362e-11,2.308810951378726e-11,9.156659761937664e-12,2.4130451529354214e-12,1.8348000729976353e-11,6.377181235834377e-12,1.8958797538105803e-11,6.965635216830663e-12,2.280994234246892e-12,1.1401914717197962e-11,7.466304659489642e-13,2.6867873236312363e-11,5.513988396805447e-12,3.054228381616326e-12,8.875828295573429e-12,1.104057654651465e-12,4.461207456427746e-11,4.888071983418995e-12,1.8185128850215757e-11,3.526757951748453e-11,1.421814479966162e-11,3.314766960592472e-11,6.6562321027262805e-12,2.2381711899982093e-12,1.551836602664122e-11,7.118623170296719e-12,1.6480642696345898e-11,5.841156832798645e-12,1.855291117498572e-12,8.286469302470273e-12,7.533845047781118e-13,2.2918381181620938e-11,3.5323596545503306e-12,2.6534097008889735e-12,1.1147159959869627e-11,9.455159830708706e-13,1.789404220861102e-11,2.7181606974898697e-12,5.296047451802906e-12,6.1344874401575505e-12,1.5134581699081474e-12,3.7763839582721374e-11,6.724260020924623e-12,1.3700461597875396e-11,3.042096176949569e-11,1.1961053825421289e-11,3.3311859432294113e-11,7.241364142699906e-12,3.825390163800205e-12,1.011269267544411e-11,3.398353781963341e-12,1.7852229087573184e-11,4.773711916033472e-12,1.966900680567371e-12,4.9976357934149825e-12,1.0122502706307856e-12,2.157206027423598e-11,4.006259394678889e-12,2.451936347701275e-12,5.837115261206465e-12,3.556207218323209e-13,2.0326639390447745e-11,3.2872553124302987e-12,2.215348231961151e-12,2.413432040322729e-12,5.190790787127766e-13,1.3683594382669602e-11,3.277975209424873e-12,4.588211268807561e-12,8.757541369156218e-12,1.0292736148551116e-12,2.308432902558627e-11,6.639823843003423e-12,4.632694870842137e-12,8.573001796732737e-12,1.5641781250133117e-12,2.1137431594211802e-11,7.042187250651773e-12,3.5091834860367516e-12,7.844178822008453e-12,2.8778357108424663e-12,1.7204988482903473e-11,4.902298358244751e-12,3.732838133447348e-12,5.719597742116838e-12,8.928222330546258e-13,2.4777639914819388e-11,2.710537525759762e-12,3.3771220981795767e-12,4.522527068778779e-12,3.9956240575526723e-13,1.7389487043599487e-11,3.6355238621518305e-12,3.7481906547523255e-12,1.0669467774862393e-11,6.225700939193472e-13,1.5579977604495248e-11,6.910088391860877e-12,8.600965492994853e-12,2.579097808673659e-11,1.2295162393732142e-12,4.0681599681258386e-11,1.564280375764679e-11,8.547871330096868e-12,3.922713287168024e-11,4.3417353510777883e-11,2.395075863985854e-11,1.82542818768656e-11,1.6732887053030558e-11,2.9791246099930575e-11,1.3431952253777227e-11,1.835404509942006e-11,1.6928226713202805e-11,1.8332477589098643e-11,3.8690777532092834e-11,1.290350422274998e-11,2.4051778498793818e-11,1.614226549260466e-11,1.4170882148017369e-11,5.113396493651386e-11,1.075971182356042e-11,4.188809886436628e-11,1.233418921321014e-11,1.3337404346759738e-11,4.6186999342056745e-11,2.1321968824804012e-11,9.847861144983944e-12,7.624140083830649e-12,2.434567767039751e-12,1.5388096973943463e-11,2.305206329855049e-12,2.9910306460892124e-11,3.5876341083741116e-12,7.911884521958836e-12,1.668185589483645e-11,3.96433942364212e-12,1.9085338542333833e-11,5.181769753629524e-12,1.3084486882338685e-12,9.280539033751995e-12,1.853701514427311e-12,2.199977793660178e-11,4.3168624225270224e-12,2.4792757508522807e-12,8.570339819929002e-12,5.246438406013942e-13,2.0510258693044936e-11,3.0480799092093915e-12,2.536994155153149e-12,4.707611506884513e-12,6.731880764376444e-13,2.2074481601415742e-11,3.7433620085129005e-12,1.3003508551535927e-11,1.96781722137732e-11,5.211694948146481e-12,1.5624730965969264e-11,4.9627309210597885e-12,2.2337737209410496e-12,5.251378238523257e-12,5.023956782380565e-13,2.3252343307694828e-11,2.2414835764415067e-12,1.8693377335215013e-12,4.340250021207564e-12,3.952414770755496e-13,1.5937720709611384e-11,2.9463730695658986e-12,2.5209721884953955e-12,3.693215965455926e-12,7.030007163586335e-13,2.084805002696041e-11,3.432057295835801e-12,3.389355525793604e-12,4.75913145965088e-12,4.3859991536197855e-13,2.1152751348174916e-11,3.1891338020816294e-12,3.029236763138912e-12,5.2256771567648195e-12,5.182853573808108e-13,1.5690051466729e-11,5.81213728292644e-12,7.549165390022002e-12,1.3206443627160945e-11,1.6957228671373904e-12,1.1322164151827461e-10,1.7937077775315006e-11,7.67227893167094e-12,1.017112761474813e-11,4.200822280774892e-12,1.7847195866504063e-11,8.987383068641996e-12,8.144099934878562e-12,4.282518587809636e-11,1.0171619485859627e-11,1.7925963285371045e-11,5.704515659293754e-12,1.4602695477896956e-12,9.169026563604388e-12,1.845935923462332e-12,2.7253037178887095e-11,4.85255709873345e-12,2.7849833823575466e-12,6.7305294431389376e-12,1.5163140218463805e-12,2.5959578473220896e-11,7.199568726030935e-12,2.7391858284258616e-12,7.583649791429483e-12,2.1389704162985426e-12,1.0037061302183837e-10,2.3964715242857722e-11,1.201487998787566e-11,1.8302077041958153e-11,6.518491201206688e-12,6.505762392112766e-11,1.1867474351689487e-11,6.0737839448484935e-12,1.6858726801200946e-11,9.107574129344492e-12,2.2095820681215912e-11,4.695281554128912e-12,1.0977133824811738e-11,2.0315860454302102e-11,4.220488558111095e-12,2.0905117428802824e-11,6.2959306511423915e-12,4.480653099995272e-12,9.469155883614804e-12,2.0676107587711004e-12,1.700098287049575e-11,7.114068473191067e-12,8.122347446980613e-12,2.432224078137307e-11,1.1283997589666178e-12,1.313984694392124e-10,1.9990401608751428e-11,8.395367857604907e-12,1.0185347524413449e-11,4.302147101449566e-12,3.512079359193228e-10,7.729252573669837e-11,1.6360423533626564e-11,2.238108034867022e-11,4.0734175680176316e-12,1.165122922662607e-10,3.022891985784165e-11,2.509302756759541e-11,3.3927951151670175e-11,1.4658949458619626e-11,6.382312120646192e-11,2.0296836001363623e-11,4.697049127572795e-12,1.1284281243400427e-11,3.348164132944344e-12,1.3121540578793112e-10,2.7505940153319183e-11,6.1440930014468036e-12,2.379649077666815e-11,8.891611997760731e-12,5.07893458674435e-10,1.2529657471434787e-10,2.274488474293207e-11,4.005499995852908e-11,1.1910686645538654e-11,1.691517635700237e-11,9.352871993185181e-12,7.623612410829935e-12,1.664288768045274e-11,3.465161630202454e-12,1.516919886095194e-11,9.417352704419663e-12,1.0976801896989123e-11,3.9795978652032885e-11,2.399429655681212e-12
3,1,val,13,2.6857537899004325e-10,1.8316104452647117e-10,1.4987008051032723e-11,5.2179955892321016e-11,1.5288520585298544e-11,4.4830238697644795e-10,2.934039904555794e-10,2.1141685344120665e-11,3.73197438004164e-11,8.740089926557254e-12,6.377904903438111e-11,8.084462176418347e-12,4.030156224790273e-12,2.2971249299848064e-11,3.654435555089294e-12,1.060141365401245e-11,1.293659338986554e-11,1.7146563773846682e-11,1.9487263890995056e-11,4.283164699739601e-12,1.3982880605295392e-11,1.207558177267118e-11,1.9060607888002187e-11,6.878096511896256e-12,1.0179023316081495e-12,4.89911655883539e-11,1.4008360588727101e-11,1.934244688172042e-11,3.172406977026403e-11,7.658531391947419e-12,7.300912301276188e-11,5.681231936729078e-12,4.870016473552173e-12,1.2937549254326773e-11,3.567234374142355e-12,2.56972923450556e-11,5.7883715985422e-12,7.19733244943778e-12,1.4267347840408704e-11,2.680040328635342e-12,1.527735352427365e-12,6.882906808534904e-12,1.468776400433358e-11,8.362769607206792e-12,1.0864179385615184e-12,9.272096054071354e-12,8.155081234926375e-12,1.443746114631321e-11,9.820598430465861e-12,9.915375344787444e-13,2.2935544427412876e-11,1.0240260759719572e-12,7.114091268225907e-12,1.123314340578032e-11,2.1326858174914294e-12,2.7850101484484127e-11,7.142239294844111e-12,9.065015170601804e-12,2.2776407484142617e-11,6.686202394367068e-12,3.977292508190079e-12,4.082033247621783e-12,9.573516826857084e-12,8.416368349822013e-12,1.4535473097769914e-12,4.630049223160195e-12,3.561890250845347e-12,7.112579336852789e-12,1.3800061378127225e-11,1.081553971220149e-12,1.1121809708638506e-11,2.283034787578956e-12,1.7707387884787907e-11,1.5104913617112956e-11,1.1574611609259121e-12,1.5273765023474043e-11,3.1654900585693845e-12,7.50669003350051e-12,1.2087125161077325e-11,2.939600479665697e-12,3.19090239705331e-11,9.847249341104859e-12,5.521436350728695e-12,6.852543539870764e-12,6.800125157153006e-13,1.0340323692529988e-11,3.774867073129241e-12,1.0783315898456641e-11,5.1034124289419e-12,6.961334169134441e-13,3.8331419993512286e-12,1.73008701445414e-12,4.18290682140789e-12,6.302930011659846e-12,4.4661421127559686e-13,6.729941182639433e-12,2.1857217003256558e-12,7.288169486366097e-12,8.609417789173597e-12,5.802722976921904e-13,6.629911993487033e-12,4.827055268890386e-12,1.3124968732285037e-11,1.008834812287905e-11,8.157730453397548e-13,7.1867844028212715e-12,9.810246379753404e-12,8.187505370045539e-12,1.092298513284299e-11,5.158457329570642e-13,1.204216296959862e-11,6.395506663152067e-12,7.071336356924022e-12,9.89474313428702e-12,1.3192623117614187e-12,5.314309016398576e-12,2.9607511482810025e-12,9.34811004655799e-12,8.386368025945877e-12,6.226582175016392e-13,7.438506472133997e-12,3.695027949300575e-12,5.886959210782864e-12,8.215945473032421e-12,3.6901538326381996e-13,8.918407126918483e-12,7.492946646590156e-12,1.228314993623417e-11,1.022767016801242e-11,4.3564891275314574e-13,6.108189736698217e-12,1.5675885900386882e-11,1.881953847845288e-11,2.4613755808576528e-11,6.354927735443901e-13,2.0393556167771675e-11,1.172458267495087e-11,1.1073155491881597e-11,4.5620817674866024e-11,1.752568893471109e-11,8.268206524368033e-12,7.495252313798186e-12,2.131306397923238e-11,1.9282807644751433e-11,5.9221237935846945e-12,1.0448990965421517e-11,9.980901318831743e-12,2.1973950917085356e-11,1.658861945529e-11,4.998651198793463e-12,1.0375127087248044e-11,1.5034149553779286e-11,2.0301194294682028e-11,1.9731734158609975e-11,2.5740764212711092e-12,1.0659987624043539e-11,1.6332291891017903e-11,1.6562695792884018e-11,2.058100564295341e-11,2.955937778515152e-12,4.522337101312761e-12,5.80063814766691e-12,7.093235545824324e-12,1.0534737053397309e-11,1.7681704545763666e-12,2.043853481478525e-11,4.339375493392068e-12,1.0615310482555629e-11,1.0999993380767023e-11,1.506161975926176e-12,1.199619916396706e-11,4.747970903499933e-12,1.1311966486957874e-11,8.307185100039553e-12,2.0882850106785933e-12,1.768398757054566e-12,3.452531230087674e-12,5.395187399411878e-12,7.584464849978724e-12,8.375163566464017e-13,8.396480159549502e-12,3.655691078943563e-12,8.105799480408192e-12,1.110835999967856e-11,9.18557788054079e-13,1.2396320139209409e-11,1.4083369184598477e-12,1.203333892444716e-11,1.2691803256036668e-11,2.3728958323746344e-12,4.536642271221704e-12,2.398507241800904e-12,1.0775856101612979e-11,7.060470748997121e-12,6.228388406469331e-13,5.387730809403068e-12,1.975782298410893e-12,3.6268389143944432e-12,8.047588441243915e-12,3.7811891913657233e-13,7.427094239191087e-12,3.1209924847059013e-12,1.3159473302401442e-11,9.228623592218157e-12,4.88755642012721e-13,6.1755398905068735e-12,3.314313964756278e-12,6.197857736141997e-12,7.922161536071846e-12,3.3257455384656975e-13,9.435228446642886e-12,4.902500832164903e-12,8.29272266112232e-12,6.904984062015949e-12,3.951466909211677e-13,9.643767275430158e-12,7.723214879662475e-12,1.827936696865325e-11,7.709809854772147e-12,9.33304154377085e-13,1.3078141515701497e-10,1.3344193637352586e-11,2.789700454006085e-12,8.911461834779858e-12,1.516556205511473e-12,6.881738507676061e-11,7.974778096997299e-12,7.59086520305229e-12,2.7787236824087774e-11,9.862807719321371e-12,1.2361244269203829e-11,4.1091567024321545e-12,1.1267488958771879e-11,7.743827721999477e-12,2.1795318609642406e-12,2.2249782073756756e-11,6.493610362020004e-12,6.3277487982963505e-12,6.469708299155009e-12,6.881780853760616e-13,1.6630200197321513e-11,7.288222461289175e-12,6.286117216184396e-12,9.200328506958437e-12,9.59536454128567e-13,2.0577564762770344e-11,2.6908601204271567e-12,2.2836413319599374e-12,6.7492083680353755e-12,2.9106417437391596e-12,1.5806476473909234e-11,2.8119512133536264e-12,3.950592606496628e-12,7.270695659580928e-12,3.200997330101307e-12,9.407192776437535e-12,3.891259565444933e-12,9.763422033139439e-12,1.1935410690289659e-11,2.9905292497618662e-12,7.304791408648034e-12,9.885945864668418e-12,9.62378265506605e-12,1.1835673992084276e-11,5.491318124703697e-13,5.904383236934372e-12,1.520974380311748e-11,1.8321102639089755e-11,2.3791859168443948e-11,6.497024828759098e-13,1.418220366882244e-10,1.3236693275392259e-11,3.1169864588453456e-12,8.755306217001317e-12,1.4581227267622461e-12,9.304667424800807e-11,6.047041508954421e-12,3.149616934428468e-12,9.725517724367108e-12,2.380196263624332e-12,7.723055068521422e-11,2.8990264839487062e-11,7.0123119777993314e-12,3.0544637341039445e-11,7.760362067658664e-12,5.997333561839815e-11,4.527606723709576e-11,1.176729171144423e-11,1.4271416559022963e-11,1.5151510855180828e-12,1.3217006543312381e-10,7.493606657591017e-11,1.3771793218372138e-11,1.50676830238389e-11,5.8246336290252855e-12,2.778647341005119e-10,1.3122298180951865e-10,1.0780443039332673e-11,2.1123706179080564e-11,4.346515427288311e-12,6.604174746690566e-12,5.3191954227277575e-12,2.0549019810187055e-11,1.3134189661906972e-11,1.6940733644004287e-12,1.2215770880097395e-11,1.3347560179041096e-11,2.3746913282836633e-11,1.8932323508564764e-11,1.0233139024952978e-12
3,1,val,14,4.914071780539616e-10,4.808323834097592e-11,1.1941369595202616e-11,1.8193273575338728e-11,1.1182119048063104e-11,6.611865547281297e-10,7.858941446394932e-11,2.1703222414874593e-11,2.4274956588281684e-11,8.824491141907768e-12,1.5963068917574752e-10,8.22346738519493e-12,3.957653582909867e-12,1.6230264310619615e-11,1.3125793011206046e-11,2.0538438783002793e-11,4.5571898640468465e-12,9.496353708111065e-12,2.3272569421720853e-11,5.035308545361165e-12,9.946410248936201e-12,1.911488883119779e-12,1.4727489673096647e-11,1.1346587491044853e-11,2.297195082134703e-12,6.775490525157565e-11,4.778338883068255e-12,1.5273022233563134e-11,3.175832339259161e-11,1.390597206312261e-11,2.0285315867320275e-10,7.734445844822646e-12,8.563805080397845e-12,1.320784922828923e-11,7.237553192934858e-12,4.093643805570188e-11,3.7707366034459914e-12,4.494558634760781e-12,1.5400822899528517e-11,7.336108793298945e-12,1.2143935357383168e-12,1.9654010045112244e-12,7.093717954518858e-12,8.35922426959661e-12,1.7027743696499884e-12,7.58674220097516e-12,1.4350739894917677e-12,9.308680688680501e-12,9.405804704879498e-12,1.9266886904442175e-12,4.41525664910142e-11,1.904595730555686e-12,4.633493791831973e-12,1.0637318373273883e-11,5.548179079624479e-12,4.65817558015166e-11,4.598342543072919e-12,8.977069905090635e-12,2.2968303223634494e-11,7.992670516595513e-12,9.92456904558435e-12,1.564145180412021e-12,1.2563112807469982e-11,9.949623703841586e-12,1.7784519851836777e-12,6.792931714964506e-12,1.3891500411992745e-12,3.292713505015087e-12,6.2623013291357924e-12,1.1166628385416195e-12,1.2755939624513948e-11,1.552213289132043e-12,6.025730786462504e-12,8.441763951275576e-12,1.4676130490166505e-12,3.7094764444572506e-11,4.614048125601855e-12,3.115649438712983e-12,8.56487194631927e-12,3.441674731168891e-12,3.3543642339328354e-11,8.238580486975406e-12,7.247842213166136e-12,3.096344051594402e-11,5.080757521374098e-12,2.1063863031907158e-11,1.6012648581875548e-12,9.049890924971422e-12,7.958817143757967e-12,1.0981074284754977e-12,1.012515607524517e-11,8.123446986772205e-13,7.09759013022357e-12,4.663335248597885e-12,4.111867490849811e-13,1.1694845700013047e-11,1.0229017674653582e-12,2.2606600230410168e-12,6.067652683772221e-12,4.0205084399451237e-13,1.4344781230289207e-11,2.1909029758034702e-12,2.2573998588836802e-12,5.029147942027863e-12,5.400965142662942e-13,2.369594652082624e-11,4.531094050625963e-12,1.7752662092314515e-12,7.562539800390368e-12,1.2278451070412759e-12,2.569675552358143e-11,2.9245066601566875e-12,8.021863180726108e-12,2.2294776792898353e-11,6.036974990101504e-12,2.1386648462560362e-11,1.0577276402690744e-12,1.1612800168036216e-11,4.64727881191725e-12,1.0947404747337437e-12,1.847092557298923e-11,1.104596794284624e-12,6.423978767159479e-12,5.4252627313715725e-12,3.1251256556837404e-13,2.0282431432568044e-11,2.7975234618334063e-12,2.957325312190225e-12,7.382295507667575e-12,7.164992097134175e-13,1.6993096954734588e-11,5.215037210475758e-12,2.256912549260746e-12,9.1234392105814e-12,3.467998002586443e-12,9.941130773873851e-11,4.689713518014662e-12,3.081383457323272e-11,2.2118323332789068e-10,1.0260872283872319e-10,5.3556763431176844e-11,3.8625181425679855e-12,1.9884193588047806e-11,4.947569371899513e-11,2.426314690626824e-11,4.400999923792399e-11,4.875678793585476e-12,2.521953506694798e-11,5.379816671227553e-11,2.6056621237737223e-11,4.840440736679227e-11,7.443815494423936e-12,2.0031817480999713e-11,4.811065376580684e-11,2.4696439594724044e-11,6.685040801349967e-11,5.2700598017202115e-12,2.4932223233975195e-11,7.629035650153696e-11,6.250187490400788e-11,1.2728067664903056e-11,2.819422876686191e-12,4.675436822357819e-12,1.055108895761029e-11,3.11901456422789e-12,2.230867887176374e-11,1.7127912001463192e-12,7.268749344466728e-12,1.0866595688166638e-11,2.9734119203953265e-12,2.157097721312125e-11,2.1601499295789877e-12,9.279680893309848e-12,1.1783322948187422e-11,3.342588097501158e-12,4.645367963092698e-12,1.2834926866508686e-12,3.952116767636366e-12,5.654041337404562e-12,1.12742273176443e-12,9.160774637913967e-12,1.6357671417744412e-12,4.423829459955391e-12,6.745621801238306e-12,1.1646528865445643e-12,2.129873938551263e-11,2.526665547565433e-12,3.3856122582573832e-12,7.039439836401978e-12,2.597099805079295e-12,1.1604468794686239e-11,1.1606208194812075e-12,1.479274801746212e-11,5.734343059297773e-12,6.368910891445634e-13,1.2172997283878134e-11,8.423479914196931e-13,3.891300207514218e-12,5.5037130235586304e-12,2.669779082823111e-13,1.3671080951832675e-11,1.7480892488020404e-12,3.359272772259194e-12,6.9007516118747086e-12,2.833554327461771e-13,1.8826304851223606e-11,1.0958877405284435e-12,8.844877696486838e-12,4.257950476904454e-12,4.958594849135096e-13,2.271344402389002e-11,1.8584212410037997e-12,3.179922458586913e-12,6.341256001238513e-12,4.623864638559161e-13,3.697788463191868e-11,3.2981083316626807e-12,8.85216373061769e-12,9.347063734071107e-12,3.820655781719239e-12,1.6489939658968662e-10,1.0148809475918961e-11,4.304489793410662e-12,8.18884587893883e-12,6.296870338401114e-12,8.49789953699658e-11,8.203661520981651e-12,3.0932054908687958e-12,3.520912310405185e-11,1.735026070745421e-11,2.189222002162729e-11,2.1810945018966477e-12,9.2094359460909e-12,1.1959458425913052e-11,3.0612015375234543e-12,2.7222305568088048e-11,5.226385534869834e-12,4.858300346947394e-12,1.4390658599147423e-11,1.2096885871359297e-12,2.3682304128048274e-11,4.5776714797781485e-12,6.45940974722435e-12,2.0526083668912275e-11,3.4946740079315905e-12,1.298832192396198e-10,1.0232178077010255e-11,3.848453684947877e-12,6.7331505324046875e-12,4.1283301286555164e-12,6.80145429941196e-11,5.8162910318809385e-12,2.8269731931871473e-12,8.354738122334968e-12,3.066374360709614e-12,2.2126637356435916e-11,3.161739644263342e-12,2.592326862232729e-12,9.463990896093516e-12,3.723102659357863e-12,1.975661811181951e-11,4.046016459849437e-12,1.8638433820736182e-12,7.917413636510117e-12,1.4753502543427591e-12,1.7738017553579116e-11,5.5449095886249675e-12,2.2347935367662052e-12,9.273192127549197e-12,2.976939305093652e-12,1.8869382553705154e-10,1.0268388015488841e-11,4.539165288886739e-12,7.791519216392945e-12,6.76825209590287e-12,4.736538724504328e-10,2.2912283256299323e-11,6.0535269529828785e-12,9.17130014797401e-12,6.123622922991927e-12,2.84941632591209e-10,8.907306023840441e-12,5.963028118046957e-12,1.844416314482861e-11,1.4763151982532966e-11,1.0081301012525986e-10,8.274169693264434e-12,1.3777035822174435e-11,1.2514159645469111e-11,4.061187965083274e-12,2.2377582088230265e-10,1.717296900000629e-11,1.0733771779784363e-11,2.2200732616856753e-11,9.404071952783995e-12,5.931704416626515e-10,3.7292223282849814e-11,1.2506107168694811e-11,1.8854523748973805e-11,6.585671892937775e-12,3.2550593921147115e-11,2.609851167300696e-12,1.2010557743934265e-11,1.582896925332873e-11,6.8525972601058684e-12,3.601875862522492e-11,7.402774177061891e-12,7.601986309423175e-12,1.5491263372084165e-11,5.322449641063721e-12
3,1,val,15,8.374377360678932e-12,5.1659276333853995e-12,1.22308809688475e-11,1.0248462376273333e-11,4.427644680235788e-12,7.278599741293038e-12,2.769569916892695e-12,1.3743205585152289e-11,1.410588945486166e-11,3.101807608049817e-12,3.204612758776553e-11,5.948324244739993e-12,7.50851891730538e-12,2.8779311081597124e-11,9.158768105142317e-12,9.300558349693523e-12,8.631076670858318e-12,1.504154028771113e-11,1.803176736828996e-11,1.6573206955198852e-12,2.304819210107205e-12,2.3539299128646624e-12,1.8624871506337742e-11,1.0991934725578536e-11,1.0325755674277452e-12,3.3461901183758524e-12,4.240772866074436e-12,1.770903044202469e-11,2.609436302256023e-11,3.1695937493895776e-12,1.420288447911815e-11,4.164119855243584e-12,6.8418059194325256e-12,1.1254688573880711e-11,4.422423115142484e-12,7.654732814161299e-12,3.822495096835371e-12,4.4247951825184965e-12,5.553529903606747e-11,1.2524036003632697e-11,2.7107079439134527e-12,3.114284926919185e-12,1.0440311046716836e-11,1.016679715097935e-11,8.060250506389e-13,8.742772808775244e-13,1.690026733825561e-12,9.505230326380151e-12,6.9738011400097406e-12,8.108063898010517e-13,3.2590518134259166e-12,4.603070159008369e-12,4.8571716416132115e-12,9.866580701314318e-12,2.9061518099270894e-12,4.642320009541366e-12,3.1539041761633497e-12,3.2092786680810347e-12,5.208604854705919e-11,1.875993869453609e-11,1.0106990859459785e-12,2.8243695915192736e-12,6.729016239784778e-12,1.3754229794809794e-11,1.6010430231577465e-12,1.0129309636065657e-12,1.7693087919126533e-12,5.162909049471343e-12,4.901690982777501e-12,1.3628704773596544e-12,1.8225619480212654e-12,4.6874332461645745e-12,1.3525771201501571e-11,7.669730764206131e-12,1.2298192244543884e-12,4.24965257430401e-12,5.136927363785328e-12,2.107710012982094e-12,1.0278780366216174e-11,3.255941398373564e-12,1.890310738552419e-12,1.4326784718545882e-12,2.9917106932233006e-12,7.72774638048057e-12,1.943222339413354e-12,2.8671272319886847e-12,1.3163886211383025e-12,4.7194962122900565e-12,1.1877445448276575e-11,2.770304599060998e-12,2.7676521160836734e-12,2.1622739665913307e-12,3.680491648796363e-12,2.9850139179444223e-12,6.503336027646247e-13,3.056500699108897e-12,8.516995777430733e-13,5.635239981377694e-12,5.472190497713805e-12,6.179267714520614e-13,2.0280537641912776e-12,2.7623900821188504e-12,5.5567694520164765e-12,5.7283800392678254e-12,7.254627562241224e-13,1.4397707756318578e-12,3.769424901823031e-12,3.8143013923286406e-12,4.816881941465102e-12,1.7989351466866994e-12,2.7127793317647744e-12,1.3975808174769101e-12,3.3445900453241156e-12,6.33389922477524e-12,1.9884257594750876e-12,3.771279217778653e-12,1.7851079712083266e-12,5.7347941816292694e-12,3.5153923254822586e-12,8.952007734491044e-13,3.314424972925233e-12,9.024469566561623e-13,4.48608585084745e-12,4.989884356260399e-12,5.480879689936798e-13,3.8270814962871885e-12,2.0574168662660998e-12,6.2799533140947315e-12,7.061878601008163e-12,5.867143980354582e-13,2.0609649461526515e-12,5.5376401493606765e-12,3.711339144976393e-12,5.353208470560921e-12,1.3411729477526122e-12,5.34813092613128e-12,7.941974307733153e-12,1.2781708916506565e-11,3.5346327006240256e-11,2.4223717540484767e-11,4.3207239600795565e-12,7.553040517848189e-12,1.4688255714347145e-11,2.2056333865880085e-11,1.1560482077207493e-11,2.6160540167516827e-12,1.4944509660772618e-11,2.1970945439934134e-11,2.9572348781407493e-11,1.3671571138151234e-11,2.5574931635165275e-12,1.3819219649450858e-11,1.830534150866603e-11,2.3904527817732952e-11,9.46968460193233e-12,2.4939499571301602e-12,1.1031758758809461e-11,7.70425893223908e-12,1.622281508568576e-11,7.649542211514183e-12,3.893983307183747e-12,4.94135169515466e-12,5.473604796197443e-12,2.0294910918472187e-11,2.6459749987027053e-12,1.4404783007240486e-12,3.5722762316457545e-12,9.69313330773905e-12,7.0662554814394755e-12,1.3263010975472616e-12,1.6824631537425695e-12,2.0852745879844547e-12,5.49757393559193e-12,3.4444019697352734e-11,6.508316641992589e-12,9.668978200438753e-13,1.77982003433776e-12,2.7013822705742526e-12,5.544666539014585e-12,8.448023208799211e-13,1.4008763584645032e-12,1.0422478497153583e-12,6.8544320365529354e-12,4.603615508481947e-12,9.09764532349696e-13,2.2687618561727347e-12,5.030705929711584e-12,5.079668210550984e-12,7.089549944707233e-12,1.5287196428465931e-12,2.454284653637437e-12,1.7338733380857267e-12,5.87477088578455e-12,6.759302367509098e-12,9.555418712863236e-13,2.4058038733084923e-12,8.390909044712145e-13,4.7929796608904554e-12,4.002070454705272e-12,5.903808575707819e-13,2.0671038860110444e-12,2.163829569927378e-12,8.368864703288896e-12,7.743375212292914e-12,5.656454545676045e-13,3.718715700069351e-12,9.432105177930791e-13,4.6545653296966145e-12,3.6218684186092318e-12,6.703056034020147e-13,2.8831336151233267e-12,1.5002275138737644e-12,5.415819398614504e-12,6.616064558019709e-12,5.529871866926789e-13,3.251940458294556e-12,4.741189955123166e-12,8.251356419977237e-12,9.247943290149948e-12,1.9935046341882917e-12,2.392058720998037e-11,7.158836336336786e-12,8.050675452461616e-12,2.9034348154508894e-11,8.16710603264263e-12,9.189405479140638e-11,4.007085861965405e-12,4.820654646198397e-12,1.0339146808156186e-10,3.251839732329282e-11,1.9642708747308276e-12,2.200583889422161e-12,5.385915460444074e-12,3.489056529590199e-11,6.517138369885851e-12,1.8607388201724493e-12,1.1320242662068967e-12,2.6103376267540807e-12,1.1055720408448348e-11,2.7723113492471807e-12,1.6502586166850174e-12,1.0253242259531014e-12,2.718173601029464e-12,6.038060834425963e-12,1.515118105751864e-12,1.3446477470741748e-11,3.709319752414873e-12,5.93203292795477e-12,7.569972078624746e-12,2.595553552300207e-12,6.272991748708134e-12,3.3503185321614343e-12,3.959928348094501e-12,8.634815122384416e-12,3.6108058677341777e-12,2.1973565647126466e-12,3.898523281829031e-12,3.0550602821924956e-12,8.37686629900976e-12,3.0684605799202552e-12,2.461235523195342e-12,3.95553213479947e-12,4.2405950239422346e-12,5.586436879787246e-12,2.3157194546918046e-12,1.9999806011925324e-12,5.4198080770836985e-12,4.065008136274507e-12,5.302506616146651e-12,1.3090061955119126e-12,2.603055476504564e-11,7.353091463573015e-12,8.31015487254938e-12,2.5093247085577503e-11,6.930192260328303e-12,5.0528957903762446e-11,6.9734420614081044e-12,1.0086857513273457e-11,1.0762909816133964e-11,4.8308687288585375e-12,2.30060912493612e-11,5.115944242486677e-12,1.0640613525958316e-11,9.23273227242429e-12,3.805022138788498e-12,8.785961184783173e-12,5.057206170933662e-12,1.684488748975132e-11,9.671992393536298e-12,1.66763332858682e-12,3.940558284918055e-12,2.7208213516164314e-12,1.6352917866637998e-11,1.3861092780935595e-11,6.8381645164302346e-12,2.1799030259209873e-11,5.799187742822167e-12,1.1414225540049212e-11,1.4057871973429463e-11,4.607021763051282e-12,3.3431005444332535e-12,3.671638757873929e-12,7.583711628095294e-12,7.739928181344674e-12,3.479938338301883e-12,2.285044289943932e-12,6.6527413221895425e-12,1.1394334886989055e-11,1.2828095373720084e-11,2.131711029257511e-12
3,1,val,16,9.902117592279005e-11,3.0123610104923923e-11,1.628873822846995e-11,6.409025950079751e-12,1.2271470302893325e-12,1.35192287765121e-10,4.0842776563443404e-11,1.7869040455165067e-11,1.4416678674375779e-11,2.103227211801059e-12,1.399110723318175e-11,4.832757392629988e-12,7.885657625165056e-12,7.935638932995711e-12,3.728961706860079e-12,5.1443091165273794e-12,6.373133791358017e-12,1.0983187975059067e-11,7.509545242607197e-12,8.027348440045209e-13,4.73435752049981e-12,7.1469617162675284e-12,1.911562439423896e-11,1.1721826589043925e-11,1.0829152371265801e-12,4.036393961525147e-12,3.687645321133092e-12,1.8754157915159412e-11,1.6644455133723107e-11,2.4418544134429506e-12,7.354897722680565e-12,5.157271914140097e-12,1.2846735807011088e-11,1.3898169816477272e-11,3.285588621902446e-12,5.423232868225731e-12,4.506575376181121e-12,6.631876158130805e-12,1.6338613535866186e-11,2.997115841909904e-12,2.0223025574822108e-12,5.862398661569737e-12,7.38282578368059e-12,7.564196870164781e-12,1.1936065261508938e-12,2.3434118832593413e-12,3.395116935259453e-12,1.7178525195047283e-11,1.1389419812403483e-11,1.4648826408905752e-12,2.650855836361684e-12,2.4810912442727967e-12,1.0035117810298346e-11,1.0244061907521518e-11,2.053960739330278e-12,4.9388321018597596e-12,3.55517103344955e-12,1.2631261863434886e-11,1.3409888858739594e-11,3.911210435968016e-12,1.5957133598386851e-12,2.8754517175082216e-12,2.839500517745038e-11,9.477901443882115e-12,1.0400617606809684e-12,2.6282038263162377e-12,3.6928501178132986e-12,6.724774915916001e-12,5.558664433812041e-12,1.850722658898457e-12,4.561356830022871e-12,2.104426928988189e-12,1.9734051997251255e-11,1.1497274358933073e-11,1.4282934763008103e-12,3.5921426775145564e-12,3.9009312097819805e-12,1.000740307253464e-11,1.192399878930587e-11,2.2966557673309517e-12,6.177538904195597e-12,3.588511763995986e-12,6.481086421178603e-12,3.877574290867195e-12,1.0876394667972557e-12,1.9501174110545523e-12,2.00379795575145e-12,2.106456434312347e-11,6.924348741481475e-12,6.196692638728387e-13,1.5892568330609654e-12,2.5000186230521234e-12,1.3121891649339859e-11,3.641722108442728e-12,4.441185176756625e-13,3.2494686495784686e-12,3.188436815127818e-12,1.1405768105320948e-11,3.262039060013103e-12,7.656767157637106e-13,4.47718858046305e-12,2.6473893115786748e-12,1.4612342977846233e-11,7.588434743952818e-12,7.803549320474159e-13,5.919754669269263e-12,2.3390916443920887e-12,9.13591314396325e-12,6.821800651571263e-12,7.67543845173606e-13,6.502991726149928e-12,4.005989069695266e-12,1.341734597040469e-11,7.048282225646811e-12,1.5755118078093516e-12,2.7365068773195362e-12,2.16980122999966e-12,2.290111054447576e-11,7.623348457997584e-12,5.633477969739905e-13,2.9838253406511744e-12,3.6273782783838316e-12,9.78133023132448e-12,3.3757026493059096e-12,3.094129565646734e-13,4.525896448735471e-12,2.720135451162728e-12,1.4623827085457072e-11,6.696819031483227e-12,3.805968897465003e-13,6.971272358908609e-12,3.508159857032651e-12,1.0420735463597412e-11,1.5071101497883076e-11,5.319590929466168e-13,1.594855290855229e-11,3.4337912532101587e-12,1.3756438193939348e-11,2.3433843849399788e-11,2.621983972659314e-11,8.25093724482627e-12,4.496557520561915e-12,1.2728888175654128e-11,2.2351064983987832e-11,1.0917827249834492e-11,9.220935524034019e-12,7.083768286989668e-12,1.1648625481795509e-11,3.16327118910832e-11,1.126965037938489e-11,8.683056647597668e-12,5.596775073817132e-12,9.002570714757273e-12,3.416528717659857e-11,6.614859682344018e-12,1.5011388852088244e-11,4.2843693769300845e-12,7.253992434022993e-12,2.0163625679149e-11,3.4131893249243145e-12,2.8115644413306693e-12,5.776978003704398e-12,4.582044261618184e-12,9.058278142405576e-12,1.467788524283897e-12,2.2507941573793218e-12,2.0743884625458147e-12,1.3481228469330346e-11,1.1481529468637392e-11,1.6956828718324372e-12,2.450872868184654e-12,2.4309949294719593e-12,2.0867485109136976e-11,1.0741062030693078e-11,1.9073282372500686e-12,1.3922464867375734e-12,3.564122209338763e-12,4.855653712000534e-12,4.8309296232550016e-12,1.0428269696306717e-12,3.069207880239749e-12,2.410486788937127e-12,1.150424976006136e-11,6.020831998182798e-12,1.378968844205873e-12,3.654762990059169e-12,2.5464422460391223e-12,1.1969779601549213e-11,1.0890762011617918e-11,1.7185053434722855e-12,9.235435744663764e-13,2.3808599978686335e-12,3.317783629159099e-11,6.9997035580598994e-12,3.878615842370824e-13,2.820399973043693e-12,3.437021003356605e-12,7.553988622156171e-12,2.016090631488081e-12,4.0096650650504745e-13,3.439637132338293e-12,2.6120663560104043e-12,2.0009813534603155e-11,6.268859176612738e-12,6.25605924482491e-13,2.076567553459699e-12,2.363620647819694e-12,1.5652817560200932e-11,5.467064786002844e-12,3.2404762266893436e-13,3.2423916854825594e-12,2.956285500106519e-12,1.1809460432914687e-11,3.866867382844059e-12,2.822519928200535e-13,4.5663066061212826e-12,2.6881555009920266e-12,1.0391950169609562e-11,1.0122875948610292e-11,1.4729210817414054e-12,1.451657787312023e-11,5.482272397898627e-12,6.406931447250406e-12,5.7593845151109296e-12,4.255231235715565e-12,4.387597471121888e-12,4.848339893480372e-12,6.724013853271561e-12,3.2041803707627953e-11,1.1295434341454525e-11,2.511297072484015e-12,2.4572410126469032e-12,1.980802121825063e-11,1.0350396837934372e-11,1.8454412988333868e-12,2.9861881782399974e-12,2.725489569712052e-12,9.487102204391394e-12,3.8184078370653174e-12,6.90438056416361e-13,3.855747745686078e-12,3.374854791296386e-12,1.206673700286012e-11,4.524032761645224e-12,9.70885120711483e-13,7.116417103419164e-12,4.356806564499647e-12,1.2991709373739006e-11,8.340571586889466e-12,2.7468866281006703e-12,3.931371622743966e-12,3.3144733302249413e-12,9.043160067749652e-12,7.339784509406917e-12,2.0029304649367074e-12,4.195546439044802e-12,3.4491997888542326e-12,1.1764083477819876e-11,1.096473451448043e-11,1.7868143293135494e-12,5.120701790321757e-12,2.5408634981159246e-12,9.421942601977286e-12,7.593365406616977e-12,1.0126072799906917e-12,6.051401503587295e-12,3.309749644929279e-12,1.0011592295292364e-11,1.472952563875908e-11,5.606236687095955e-13,1.6469830835384365e-11,5.140574555963478e-12,7.246868281571653e-12,5.591713688126841e-12,4.335857131827351e-12,1.8681618002964432e-11,9.232817362847672e-12,1.475034926480655e-11,1.0233686016113577e-11,4.705117372537882e-12,4.61744492100949e-11,9.515827885821154e-12,1.1606016978611133e-11,9.649283640392084e-12,1.9534470707095497e-12,2.621405563824196e-11,8.801622374735717e-12,1.4797837955510578e-11,8.986996024968475e-12,7.473953247140312e-13,3.898907749409927e-11,1.0680748944965504e-11,1.9978252849615493e-11,1.4637596460664362e-11,1.690983077625569e-12,7.4302151446073e-11,2.4616069189216176e-11,1.5653561103007644e-11,1.4246049707341837e-11,3.5274915383426107e-12,6.4377672620217636e-12,3.077818654482213e-12,1.3890452052801064e-11,1.274118400118242e-11,2.65121655824986e-12,6.24356262148847e-12,4.632911281002631e-12,1.3166395178327459e-11,1.7989202386088262e-11,1.4865938580342502e-12
3,1,val,17,6.854780653837472e-10,9.033394823663973e-11,1.1943384474535544e-11,7.909139138040145e-12,1.000915155187973e-11,1.419293845316853e-09,1.6290469698209957e-10,1.822789323458275e-11,2.134200562437262e-11,1.110051208020861e-11,1.78733140249464e-11,2.4125608656355647e-12,6.784252759950319e-12,1.2884806212995939e-11,1.088302877464441e-11,1.4682957935405924e-11,4.313392609779469e-12,5.691226124507806e-12,1.696048552287329e-11,2.7767696529849595e-12,2.8101009689181476e-11,2.9314095081227323e-12,2.801256405563675e-12,6.591055928165555e-12,1.4161071296548746e-12,7.221818761212529e-11,8.832668110495312e-12,7.409012085976576e-12,3.418734527740312e-11,1.7644045782262365e-11,1.5594943750976108e-10,8.77998872498152e-12,2.6789018451092842e-12,1.4028235332369015e-11,3.518957121093045e-12,7.847774692572418e-12,3.4530379974983454e-12,2.3190088741302224e-12,1.1342737766000282e-11,3.212129620966007e-12,3.2648366016076503e-12,5.5727386651623595e-12,3.2328266483323035e-12,5.408908808590843e-12,1.1256109496678696e-12,3.883458331848224e-12,7.591308480420668e-12,4.006126073032066e-12,4.492460547879531e-12,1.4519720392949877e-12,1.9284667934976356e-11,6.85913243313003e-13,3.2824684318298948e-12,7.931333616976583e-12,3.3331141709708005e-12,3.555719581223134e-11,1.2951950531951226e-12,2.2562210427815818e-12,1.5269080134273426e-11,5.039873122595941e-12,1.2475711438084561e-11,2.0717980870526336e-12,1.8596661000069704e-11,8.040483002007669e-12,7.067476115155584e-13,9.19140343065041e-12,1.0371155132724173e-11,5.885191890820834e-12,3.228144218520999e-12,9.989805953301205e-13,2.4482808349224836e-12,3.881749441477334e-12,1.4718173907429818e-11,5.824449153328791e-12,1.212794385033189e-12,1.0422907329030136e-11,1.378825587891989e-12,2.7629376612440448e-12,1.0222388663197546e-11,2.0905098039224505e-12,6.442363730094849e-11,3.5917645567582407e-12,4.602437934708073e-12,5.995829058775107e-12,2.4096325477982718e-12,2.6394163968841417e-11,8.173169191934066e-13,5.1941543670952716e-12,4.03790431777728e-12,1.0691307995799507e-12,1.5942033651899227e-11,4.255977390725868e-12,7.34496288031441e-12,4.299086277131392e-12,3.489572373474302e-13,1.2184239372545289e-11,6.87472975797549e-12,6.112737143453306e-12,3.524448043868151e-12,5.843077487229794e-13,7.567222930784403e-12,3.221240986557393e-12,5.879600679373105e-12,4.019543570176362e-12,8.719558907239053e-13,1.967496288480571e-11,2.5810773403024457e-12,1.8715894800119e-12,4.023036663905652e-12,8.887131799292477e-13,3.9635474328503216e-11,2.6057363852645223e-12,5.491292115207939e-12,5.461379928094236e-12,2.168422391342804e-12,2.7019030087998717e-11,1.6013154320118025e-12,4.533747395983286e-12,5.593923234853423e-12,1.0528559788551592e-12,2.3413684428499927e-11,4.4837167370132365e-12,3.219962884644474e-12,3.6636044602626174e-12,4.561268915881685e-13,1.7057150611442706e-11,3.901992357799976e-12,3.8263342542995555e-12,4.3743274198173254e-12,6.823107766995168e-13,2.342730867501493e-11,4.139069836504399e-12,4.364862399731315e-12,3.871695009434106e-12,6.473611683561938e-13,6.488122472535077e-11,3.831127433661001e-12,1.21814864110311e-11,2.3653861271466327e-11,1.930804505300144e-11,5.752021627840989e-11,2.087475972621066e-12,1.0116430055847615e-11,1.640660932425838e-11,9.576719960978439e-12,5.503316670203503e-11,2.6471306262324585e-12,1.295552557205888e-11,1.786561794426034e-11,9.925027906424233e-12,5.595911658337931e-11,4.824270480626473e-12,1.143191339077961e-11,1.3129332288123095e-11,7.0372545868304994e-12,6.390943139836367e-11,3.5504463425895603e-12,6.674217702447619e-12,8.502341570948918e-12,2.997979567712835e-12,2.0253979710354383e-12,3.894584790492847e-12,4.824693073848905e-12,8.956617229814266e-12,1.3950675062418764e-12,5.272438265997696e-12,2.698938670726665e-12,5.042854831303646e-12,7.653701437997165e-12,3.23321713118743e-12,2.1020003430388045e-11,8.950071368499635e-13,5.603112190003624e-12,5.488134512868752e-12,1.7251565948713372e-12,7.44566029244682e-12,5.316784877012461e-12,7.549078754146972e-12,4.0969618594963095e-12,5.745955378661737e-13,4.4185354447192835e-12,8.083199734779883e-12,7.46559042161932e-12,3.217962243927804e-12,8.700698820066221e-13,6.071166626399936e-12,1.89415430963271e-12,7.117308308869568e-12,7.447461903428014e-12,1.7707505527780025e-12,1.8288913814924706e-11,1.6029110173955241e-12,1.2539506874375333e-11,6.589406618855079e-12,6.163318321807907e-13,1.7850890375656102e-11,5.634945983486007e-12,4.628175949226315e-12,3.296045167296484e-12,4.5447050154003583e-13,8.585522819876192e-12,4.789674247085603e-12,8.128092685938714e-12,3.92339008648556e-12,7.584006052820303e-13,2.3553598506936464e-11,2.689507969575245e-12,3.5161939857391006e-12,4.64367401178721e-12,5.431425582038385e-13,1.998626412476963e-11,3.723185887237095e-12,2.9022307467675178e-12,3.6471387238523275e-12,5.721353368839742e-13,3.550455770120977e-11,2.0139751836617688e-12,3.0490771434477317e-12,5.0665112615524875e-12,1.733569222085234e-12,6.177384948372302e-11,5.213480379700336e-12,2.4165129494065426e-12,9.29592761858227e-12,8.987773088804561e-12,4.477134416142982e-11,5.824186747087256e-12,2.083984425735535e-12,3.8946849848055383e-11,1.4680966996837272e-11,2.2938937940099666e-11,7.1510174913954e-13,5.300295048338814e-12,4.931024432695446e-12,1.6281507454948429e-12,3.836878859374691e-11,1.7300276734640217e-12,4.3857642621373945e-12,4.1775470338060085e-12,1.5147355558492907e-12,4.50036203402782e-11,2.1535213259514724e-12,5.3042387649132e-12,4.6825788675445446e-12,1.599334322163139e-12,5.047319796685653e-11,2.2981549491427593e-12,1.6315914574517298e-12,7.1700678361235e-12,4.127885013721832e-12,2.1780799804150544e-11,1.4906062442596772e-12,2.1234160411935694e-12,8.219101974237888e-12,4.444796865719387e-12,6.8311850201351655e-12,2.6565922705563633e-12,6.7245582118541266e-12,1.2223900941458661e-11,2.5956734700610612e-12,1.8237140817048254e-11,2.5913416992525715e-12,1.7355772534362286e-12,5.35315448678309e-12,1.2588927562255912e-12,2.4477079661732305e-11,3.977257215425037e-12,4.430748425555858e-12,3.6794710229854675e-12,6.419865517887942e-13,5.618448863437514e-11,4.911361116979783e-12,2.3213626775430735e-12,9.444691097206639e-12,9.803768746240007e-12,2.62771591213637e-10,1.3365055417985107e-11,3.4652002879967926e-12,1.1172246814664196e-11,4.285178962527083e-12,8.869715828315326e-11,1.9895460988826878e-11,7.229008051337144e-12,1.589735474043263e-11,1.1958043053848677e-11,1.7120700913359362e-10,1.3893313519779998e-11,5.454508388657649e-12,7.855523594473482e-12,2.6462243823077216e-12,4.274165611665923e-10,3.0746670172398296e-11,9.196722105595141e-12,1.3043058090103009e-11,4.496207953985183e-12,1.0453434997986215e-09,1.005359330409321e-10,1.1601181748915627e-11,1.8975623988595938e-11,5.290101413425519e-12,4.223073073431746e-11,1.7481085215760743e-12,3.960261616927714e-12,6.842784919826732e-12,3.335256226955187e-12,3.6874498387905944e-11,4.610437490297318e-12,5.207709318874079e-12,8.429130289443491e-12,2.300429567670743e-12
3,1,val,18,2.468549435660812e-10,2.7514706670598557e-11,3.1199281324126572e-12,8.235041106919984e-12,3.1199719520926478e-12,3.7076942116570444e-10,4.605699757082633e-11,3.933174093686473e-12,1.4333591997007137e-11,3.4527560624004064e-12,2.631654086897687e-11,2.7530540645384673e-12,2.6149754737065125e-12,1.00178437746144e-11,3.330542821905693e-12,6.484198361002668e-12,4.000709419312844e-12,4.653466258859434e-12,6.791290747442041e-12,1.4163793934667112e-12,5.2524702553610495e-12,1.9638560760132876e-12,3.1220885170730826e-12,6.071993262875734e-12,1.0585529604532196e-12,1.4811496832694582e-11,3.2155302770235834e-12,6.2631016698814944e-12,1.254576366120461e-11,3.298131988710752e-12,2.642261738241886e-11,3.3040486381535913e-12,2.704530362546461e-12,2.299591219989077e-11,8.021052522625006e-12,6.0692486257135255e-12,3.402313022205569e-12,2.2959984362804266e-12,8.161727406260522e-12,1.6380205925943342e-12,6.7324930606110085e-12,2.4445119552227214e-12,3.2133939243962464e-12,4.850789204958051e-12,8.603024499347998e-13,3.315910263863246e-12,2.0905409899702294e-12,4.047612716799581e-12,5.279571392046566e-12,1.4840129378981612e-12,8.569266622498323e-12,1.7316141000120853e-12,7.04129334272325e-12,4.8880900406195835e-11,2.0955592559995784e-11,1.2917237615180406e-11,2.9886216974189546e-12,4.8657492914081335e-12,2.2031182742807632e-11,5.360720376129051e-12,7.188328940061616e-12,5.0959492033759735e-12,2.0316947944078002e-11,8.123740589611648e-12,4.0610027089464856e-13,7.88012267031648e-12,3.2954172148533217e-12,4.221599578138788e-12,4.2607983811307925e-12,8.704002112064615e-13,1.2412626702401061e-12,2.455607788297004e-12,7.278281301765843e-12,1.486462960855561e-11,4.1096804649997044e-12,5.5976333631381746e-11,2.6081613419058507e-12,4.552757845143657e-12,5.751286211641805e-11,3.257714674321809e-11,2.411536260194505e-11,4.411524280666132e-12,2.4605413028282306e-12,4.709863282591381e-12,1.4366733789242982e-12,6.875748205523496e-12,1.4368129491307688e-12,7.651243075092824e-12,4.192356936147247e-12,8.756353181733996e-13,7.277201632801505e-12,3.4925701183802913e-12,8.93347775787972e-12,4.406274810764456e-12,3.3106923905625655e-13,5.238442473830395e-12,3.665217985195578e-12,2.320504140756469e-12,3.3581457837566517e-12,4.711559198631421e-13,3.0605831193389076e-12,1.6703338193918996e-12,1.0420360342390395e-11,2.3152281709601367e-11,4.9913381369917784e-12,7.35794023685262e-12,3.778799923198108e-12,4.929672021992365e-12,1.2780342482763667e-11,2.3754757289292657e-12,1.9992158892931046e-11,4.9786901424386315e-12,4.587808316370603e-12,6.8467372494563166e-12,1.867329882180673e-12,8.189032886780559e-12,1.0670379321335942e-12,6.544072250356449e-12,4.723654760592955e-12,9.974173826701174e-13,7.1869242833556614e-12,2.9060787926437954e-12,1.6270455257305772e-12,3.5320083488782763e-12,4.847181900023308e-13,6.929194467926158e-12,1.5113240180603393e-12,8.590997811726593e-12,5.023514578235729e-12,5.585399662830214e-13,1.2134774874542229e-11,3.691565713387227e-12,4.911603775003312e-12,1.0761270859537921e-11,1.0931554342544223e-12,3.093769503146418e-11,8.282425746335077e-12,7.78393181821319e-12,3.4101670925451264e-11,1.0879911602685e-11,2.086235353600528e-11,3.859857178724914e-12,7.172373414676713e-12,2.096652964598982e-11,9.826687658055591e-12,2.2406167878043116e-11,3.770568825752361e-12,7.602749272347086e-12,2.4972119487115988e-11,1.3646591795865785e-11,1.9267580179359108e-11,3.304684124951017e-12,7.591291667863607e-12,2.2254602422257364e-11,8.027149999528675e-12,2.5392370070535727e-11,6.711033189663571e-12,3.947627371142968e-12,2.186820844391163e-11,3.4175513783942392e-12,4.607301838719994e-12,4.405045605890446e-12,4.349897829659833e-12,5.440445191852992e-12,7.985443256665703e-13,2.4065563561840254e-12,1.1992915827107845e-12,6.255703869138758e-12,1.2103400318062882e-11,4.575112333821084e-12,5.454030743950546e-12,3.0173785212197985e-12,9.287367453000675e-12,7.23870664782272e-12,1.194608575049554e-12,8.268587105741289e-12,3.3952598576529067e-12,9.451937878678167e-12,5.2243496497782294e-12,4.851597638244836e-13,4.4865644136911925e-12,2.563922848500215e-12,2.760391715678581e-12,4.092230249018995e-12,1.1166332765242767e-12,5.53782107828391e-12,2.203914997555036e-12,9.734951959220342e-12,9.369264860529626e-11,2.4659987105299208e-11,7.226340318056849e-12,3.202720501906914e-12,1.370734769945127e-11,5.0309138811095974e-12,4.128796266037593e-13,5.711341014649817e-12,3.654724742937639e-12,1.9535720892169795e-12,3.498127300172298e-12,3.591341615825775e-13,3.1749665689597157e-12,2.299845603867649e-12,9.520006417268777e-12,7.682662869501869e-12,1.1368804888187496e-12,7.070903674392639e-12,1.992821132734294e-12,3.960803938686546e-12,3.884618415980326e-12,6.399182300418073e-13,6.660867661005641e-12,2.18441941437077e-12,4.125972126879566e-12,3.638668009467284e-12,4.337143769023594e-13,1.0747286687834862e-11,1.6702053744251922e-12,3.7412386755263106e-12,6.649021155439952e-12,2.1863601090060594e-12,4.449920421098383e-11,2.74271027314549e-12,1.8428404884602773e-12,1.6458172682321014e-11,6.865598550090385e-12,1.2769807088924336e-11,1.1591500047016614e-12,3.9248031057440655e-12,3.708119270258602e-11,1.3320412494464783e-11,6.189447892878753e-12,2.9584400726056503e-12,8.951836809491015e-12,7.35334333886333e-12,1.3928480813938912e-12,1.2131197481639704e-11,1.8377701990713426e-12,3.4441955790190518e-12,4.2503905869762294e-12,8.601046950350531e-13,2.1147713827620557e-11,4.7051755254918285e-12,3.708497397896797e-12,5.328405626529823e-12,1.211900922969538e-12,2.378978261796114e-11,4.25908417722141e-12,8.0477332311273e-12,5.898957988411997e-11,2.5231839327094658e-11,3.250623075026734e-11,4.092205283635557e-12,8.190544579089589e-12,1.1379117360690415e-10,1.6725424658326284e-11,5.844600668142296e-12,1.91361382076442e-12,1.2794473466664365e-11,8.697155390363323e-11,2.6345897399083376e-11,7.558729045450446e-12,3.8851594143391335e-12,4.960831038008975e-12,1.677774282811492e-11,3.2111354557291706e-12,1.2649697318361855e-11,4.058237441111947e-12,5.209655762136733e-12,1.0899666972489563e-11,9.640096630114338e-13,4.490127356472365e-11,2.5701141974136343e-12,1.921769957419184e-12,1.5984853541866318e-11,6.2411677426431175e-12,5.3183013791046344e-11,6.314985889097249e-12,3.147072698367904e-12,1.8286239925438734e-11,1.301750913434496e-11,5.0965985260147516e-11,9.60805096629491e-12,3.2393196642584404e-12,1.1071015613646302e-11,3.4502339316812882e-12,5.079063443693837e-11,6.319085930443868e-12,2.406614488142034e-12,6.210729424856718e-12,1.1184111896385963e-12,8.982798550120868e-11,1.00921143108232e-11,3.3774232043592844e-12,8.590565180838096e-12,2.768693104403212e-12,1.8469254062518024e-10,2.7970789293860922e-11,3.2143126970227793e-12,1.8758649407297815e-11,5.972465844959036e-12,1.7018393917376063e-11,1.858961099319276e-12,5.6173073100740215e-12,1.0956962035331914e-11,3.15124870075119e-12,1.3927351402480944e-11,2.2784237646558565e-12,8.763912506429908e-12,8.824513651854689e-12,1.7689476472175564e-12
3,1,val,19,1.6717666805521355e-11,7.155164902233428e-12,6.822164386465783e-12,8.31148042568368e-12,7.146767651485888e-13,1.722691615994666e-11,5.562605275066928e-12,9.423369782689523e-12,1.1644126942227424e-11,2.692370299823145e-12,1.749272557940874e-11,4.550318265822495e-12,4.286691466077228e-12,6.724033624366772e-12,1.411006763909587e-12,4.839452942404104e-12,2.939948474186321e-12,3.976700387805007e-12,9.47120375190173e-12,6.493372174027068e-13,6.18589609341528e-12,2.0583792377068e-12,7.885076433985348e-12,6.1673243337317005e-12,3.112398448325263e-13,5.527608648859844e-12,3.8650630519838395e-12,9.008848332829759e-12,1.007897587894086e-11,2.939498423221537e-12,8.23539090853592e-12,9.437165928521518e-12,6.78207190739258e-12,1.0586843160172316e-11,2.544153029561367e-12,4.397156793975935e-12,2.412171962211052e-12,4.238018102536457e-12,6.639457417493436e-12,1.0482697369437028e-12,4.074829913944835e-12,9.463028951916284e-13,4.896423841182934e-12,5.4519370112028235e-12,4.879455502208839e-13,5.989830939173627e-12,7.435514298084231e-13,9.459830342037397e-12,4.365951016437077e-12,4.779378017679141e-13,1.3110391294145486e-12,2.9047981311141415e-12,5.34588111964285e-12,5.849274495708638e-12,1.2699100499471954e-12,4.929375908837309e-12,3.860528536700543e-12,1.594356033320184e-11,1.368739560427734e-11,2.4279098257311523e-12,3.116910104406694e-12,1.9899119997234352e-12,3.862509686704566e-12,4.468075915914897e-12,7.371947886369093e-13,4.9575850448782415e-12,1.4000902122353467e-12,5.526928830446863e-12,2.2602480464684354e-12,8.779364041213209e-13,2.249480264299325e-12,1.604583223659848e-12,1.4219256961191556e-11,5.580563186193117e-12,6.467317746090444e-13,8.292503521385413e-13,2.4225187178854136e-12,7.772200660204517e-12,1.0069111997494596e-11,1.9897471329085418e-12,8.275455969966163e-12,5.01960805235505e-12,6.89396786259691e-12,5.070873646506547e-12,7.988036363227423e-13,1.211283400562289e-12,2.509923083692782e-12,7.095388094940904e-12,3.5854853427582967e-12,5.23920528295552e-13,4.040957675851448e-12,1.16307644813934e-12,3.4766783730138525e-12,2.028882027886006e-12,5.462233230474515e-13,2.5797391960754727e-12,9.589712211245823e-13,4.484528916962781e-12,3.3973174087610726e-12,3.466456824251295e-13,2.931998188850106e-12,1.7533457015364189e-12,5.65737419177347e-12,6.35842322434258e-12,3.5646098415569964e-13,2.215049868805668e-12,2.1728535931897154e-12,5.981277993677873e-12,5.047750487696699e-12,1.1393730504029044e-12,4.4461873743474645e-12,3.5820012352295445e-12,5.386136592565286e-12,6.3762946256783866e-12,1.1999071317697718e-12,2.412693511688887e-12,1.1744991339743052e-12,3.1006850270804228e-12,3.6234332996271256e-12,6.97039041599322e-13,4.402589092706943e-12,7.498521792093284e-13,2.5948981857367595e-12,3.1947961217139514e-12,4.489754809680849e-13,3.362910870239242e-12,9.742132850238795e-13,3.4899708505462587e-12,7.78618958105199e-12,4.630118660259691e-13,2.6236963812705357e-12,3.0755155570099777e-12,3.4372914244202698e-12,7.341342099322936e-12,8.800051377973419e-13,6.864209314830488e-12,1.8555221790573163e-12,1.0122402294836062e-11,2.4639165732092057e-11,9.846853365507063e-12,2.8074841628812382e-12,2.870985414907658e-12,1.1921231981190415e-11,1.8963218170394787e-11,5.643065985299472e-12,2.6871589247482154e-12,4.437891841309713e-12,1.1349882253966163e-11,2.3729418854698487e-11,6.148461226654452e-12,3.1559274683748294e-12,4.243049456680789e-12,8.018983268805314e-12,2.2318691605052465e-11,4.7616687223943176e-12,4.285533139548145e-12,1.4376088069290386e-12,3.6407100327655225e-12,1.3160739355786967e-11,3.911604902883783e-12,2.456911266242448e-12,1.5685398205871429e-12,2.8366138485716022e-12,6.490663717478932e-12,6.891592201761755e-13,1.6882623772161026e-12,1.8549850699406515e-12,1.022113601586727e-11,4.606606288608645e-12,9.94521950967268e-13,1.3018856190467697e-12,2.6313109696994773e-12,7.789952628211738e-12,4.660549691437618e-12,9.438520616468022e-13,3.652744652303093e-12,1.074910475390607e-12,3.0383927693975174e-12,2.972455062970277e-12,6.162922074352205e-13,2.6810765173011014e-12,1.3353268012639739e-12,7.205933759418775e-12,3.013108449990706e-12,5.843858794565859e-13,9.710595163601262e-13,2.727059504070011e-12,5.79306336071615e-12,8.202513752707824e-12,1.175233547835562e-12,3.0434638777263383e-12,1.6848466328648192e-12,5.016345364124834e-12,3.661820697500977e-12,5.673891395708546e-13,5.0973138454373356e-12,7.247134074723193e-13,2.7464552286508812e-12,1.7752993951296048e-12,4.5156900354751763e-13,2.8969531404412607e-12,9.216387732722283e-13,7.467769851858292e-12,6.369385304217095e-12,3.7967174730985717e-13,3.932347369909146e-12,1.1716964175757027e-12,2.3063738230196216e-12,2.8980589612705165e-12,5.377170353729505e-13,4.232245164040751e-12,6.505363066448937e-13,2.6803048939469094e-12,5.094973009824718e-12,3.7677157102633785e-13,3.285518671742003e-12,2.1000272533227364e-12,2.9693294624266313e-12,7.063663496182265e-12,1.1215862002789213e-12,2.267253618538108e-11,4.559908868224163e-12,6.779898356781223e-12,5.467319571296591e-12,1.8284444307861336e-12,1.5125289042222903e-11,3.2027008575173166e-12,1.3672782920785534e-11,1.787710242735745e-11,8.781500372965196e-12,1.2863101539774962e-12,2.5850218654571223e-12,7.88439994932542e-12,4.863228263456358e-12,8.419912785958587e-13,3.814099667222835e-12,4.1622490629604365e-12,9.407583805831647e-12,3.692205139713528e-12,4.4486801362376507e-13,4.622180383606544e-12,4.5971694104431035e-12,5.3127803907725415e-12,4.972565307135745e-12,8.298045747892804e-13,7.130377211282808e-12,5.389266304268045e-12,6.762927732491457e-12,9.092234162028836e-12,3.841590226248053e-12,3.0073235675246313e-12,3.745622693360049e-12,1.026024484163576e-11,8.682041969304735e-12,2.902111122413224e-12,1.4789535815915855e-12,2.4087065045085384e-12,5.263269129478279e-12,1.243051285881674e-11,1.699824929424994e-12,1.9591266959649004e-12,2.0664901511585615e-12,6.780642695604219e-12,5.7167069172156315e-12,1.1798164528290024e-12,2.4937027372066737e-12,3.224063188543948e-12,3.6221013531270594e-12,7.351367962655022e-12,7.97902619007599e-13,2.413802751114507e-11,5.081401500505924e-12,6.455826915675377e-12,6.175452550917001e-12,1.8156446488497797e-12,3.196897199934174e-11,2.0918031908768607e-11,6.188821474832176e-12,1.5073812459775173e-11,6.4728216459819015e-12,2.6944534020067178e-11,6.379954286757201e-12,4.444050865806226e-12,8.848575780490915e-12,1.634539299620795e-12,6.158375093444893e-12,2.88282574269603e-12,5.932809924843301e-12,7.197567037423888e-12,7.188118674509885e-13,5.730811945033043e-12,3.604838451294741e-12,7.356338872726533e-12,8.27463622796881e-12,2.095717187298499e-12,2.568103270243157e-11,1.8311309021523545e-11,9.200789992190741e-12,1.2042024495695714e-11,4.492803743441251e-12,2.651377865700052e-12,2.0686428139411683e-12,5.6670044542649684e-12,8.61056702939431e-12,1.7705938897490476e-12,5.587676967408805e-12,3.4819697077457372e-12,3.886819314082097e-12,1.3746833298123163e-11,1.3684218101815026e-12
3,1,val,20,9.3589530938964e-10,6.277386527537124e-11,7.644445905069493e-12,1.0586427754310535e-11,2.817544921602814e-12,1.446996922377763e-09,1.681421493250686e-10,1.5976635986131202e-11,1.04989246077164e-11,8.057552552198192e-12,7.478362522088539e-11,7.497979168791238e-12,1.9798845912233185e-12,1.0358933148194803e-11,3.776953702499808e-12,4.3924495157421833e-11,9.593321475204312e-12,8.915375298690921e-12,8.840571497711914e-12,1.2683365686764177e-12,1.679491401390929e-11,1.1496702804739085e-11,1.042508032703307e-11,5.083521888345385e-12,5.650672439380322e-13,3.915016553420631e-11,1.8399487849535906e-11,9.787712045832133e-12,1.453689508830845e-11,4.036838634283799e-12,1.2112392283960525e-10,1.144746992774645e-11,3.6594458037952615e-12,2.155466106452283e-11,5.915574480409781e-12,2.8514234069993802e-11,4.349239891058285e-12,1.189252742667255e-12,8.232177780965146e-12,2.311491673833643e-12,6.4377038494947156e-12,7.263655904524686e-12,4.85479135417148e-12,4.406853960605676e-12,5.646647666706669e-13,3.4231634628369732e-12,5.720143405763454e-12,7.144240424820291e-12,3.7782416587909476e-12,1.0368625770527238e-12,1.9329591144309874e-11,5.913174255526531e-12,6.925813065920793e-12,5.5293256563704746e-11,1.2106188335971073e-11,2.6315559645003668e-11,8.77919434554793e-12,2.886220564759328e-12,2.1274390229859736e-11,3.4263925123026634e-12,9.969716288188938e-12,3.634926999533469e-12,9.515977258057259e-12,2.6924179012591215e-12,4.9102210829372e-13,7.520453992180434e-12,4.452101200679292e-12,4.223230287004767e-12,2.8046860164767055e-12,1.013918076280871e-12,1.0988819476950502e-11,3.056725903676175e-12,5.95700390029833e-12,1.1235200430737686e-11,3.567422277602771e-12,5.058593026319068e-11,5.784773863069547e-12,7.39761558545292e-12,5.65223490086689e-11,2.8768491849128786e-11,3.685169839651174e-11,1.4584285822104058e-11,4.777446060500332e-12,5.712014756914345e-12,1.3976337708293848e-12,1.7769570633745516e-11,4.305790581797977e-12,9.601688314327098e-12,3.695812263998472e-12,5.871108510776741e-13,1.1418419039575567e-11,3.2771601344973972e-12,4.62934511935298e-12,1.83642001392836e-12,2.828132748119345e-13,1.5039899662376263e-11,1.6790071653338664e-12,3.505236145476204e-12,3.1943277950170467e-12,8.258486449235006e-13,1.874660923705576e-11,2.1334213952387056e-12,4.565229214588948e-12,2.6663632649519198e-11,6.648258540743801e-12,4.1944161063814196e-11,4.076390459402429e-12,3.8672087518172614e-12,4.355052623009027e-12,2.4908800009030066e-12,2.8284193346526155e-11,7.527779483338925e-12,1.3634904665598654e-11,7.87017891845728e-12,1.3589692022453387e-12,1.493972947835747e-11,3.8300941938178854e-12,1.0180184235721066e-11,4.073839822848329e-12,4.463785141107829e-13,1.6116339896947017e-11,2.544979617496085e-12,2.708199673450477e-12,2.6025959047119313e-12,4.734181490115361e-13,2.3084375885975604e-11,1.6112628659908599e-12,3.014531299766894e-12,4.756239429838122e-12,9.32298960167508e-13,3.174441329131142e-11,4.639970992866977e-12,4.273103031357978e-12,5.253260467765843e-12,1.0165266368199721e-12,5.224426873148771e-11,1.669930829169097e-11,8.705644086616147e-12,3.239157930840322e-11,1.3670704198096724e-11,3.658254928550043e-11,7.847106110898152e-12,8.148397794356534e-12,1.713421347238719e-11,4.961815526675273e-12,3.892666837496117e-11,6.944883104712015e-12,6.590218534794102e-12,2.353470273192835e-11,5.674979405471631e-12,4.0485809948505104e-11,6.496713076442795e-12,5.212790822567967e-12,1.96106606930794e-11,4.376798398841266e-12,5.648584010901113e-11,1.1708983753062055e-11,3.5330177367600733e-12,1.175114944883778e-11,2.273446295925941e-12,1.4111802206527357e-11,5.528248614441468e-12,2.3927561276437122e-12,5.203677803010898e-12,9.073059032681584e-13,4.2069746672521175e-12,5.932459532240174e-12,7.527891293140446e-12,1.1118530748999521e-11,2.90015600150495e-12,1.6843065277395515e-11,4.2891714569474686e-12,6.189039397051667e-12,5.627066856177582e-12,9.44380550947083e-13,6.856981058461132e-12,4.3505592805822546e-12,1.7895853694406514e-12,2.3776613468991307e-12,4.682751861898988e-13,8.600246800734609e-12,2.8640251656196942e-12,3.85894180383952e-12,2.9899065078221056e-12,1.2101517883687348e-12,1.754843404907118e-11,6.468236064771477e-12,1.3144073928085351e-11,6.69149780482967e-11,2.236611651788674e-11,9.98418707635481e-12,3.071743336865588e-12,1.2212676105594094e-11,2.324292856804292e-12,3.481282146275762e-13,1.2486323958119832e-11,2.70176203659713e-12,2.4053081010181976e-12,2.0832783687555763e-12,3.905132408945708e-13,1.758887339868149e-11,1.5923574258901312e-12,4.055992917658936e-12,7.172444954115592e-12,1.8543585066620546e-12,1.6063902523225653e-11,2.9846063777823905e-12,4.8863504723822605e-12,2.8007320135248904e-12,4.0801619479265135e-13,2.2529693078393357e-11,1.8544574922853363e-12,2.5043304424293893e-12,3.541243479996834e-12,5.430730349307045e-13,2.6797495466536065e-11,3.7285765936945e-12,4.515652985398178e-12,5.521934952720018e-12,1.208427681233604e-12,8.142816659695393e-11,1.35093769215735e-11,2.2150581442363333e-12,1.522113489141362e-11,7.106431942922441e-12,3.450766247235747e-11,1.177424377701164e-11,3.660642134914273e-12,4.541163477188419e-11,1.641056402873153e-11,1.705619780621672e-11,4.014211785329413e-12,6.166345901267638e-12,5.631244554814831e-12,9.420552788637292e-13,2.817038156830688e-11,8.732388332037376e-12,6.421347408344914e-12,3.739610553245316e-12,8.892743497208447e-13,2.7241734494688648e-11,8.539851057178023e-12,1.0535310428414071e-11,5.9624644984876576e-12,1.2562687999506472e-12,7.521192830298209e-11,1.4869825838946183e-11,6.2542116526256514e-12,5.202613503582832e-11,1.1221028909495034e-11,4.431700733514999e-11,1.0671441550869086e-11,1.0362530809519019e-11,7.336381910645041e-11,2.6531258594109437e-11,2.544111250784133e-11,3.162286627627981e-12,7.538544847358317e-12,9.506077858067271e-11,2.7841955166747648e-11,3.924593607140528e-11,3.195007296460844e-12,3.868539695476042e-12,7.76232598918242e-12,3.4703645435011884e-12,3.18322768662317e-11,4.5955164245261836e-12,4.6791899560041385e-12,4.973215564384395e-12,1.0889005700765413e-12,9.001265381410147e-11,1.2016257158263892e-11,2.0372297715360043e-12,1.5083602678199413e-11,6.407364204387497e-12,2.6111761278821163e-10,2.230120814925608e-11,5.139789806656664e-12,2.3592005837293413e-11,7.130723572332264e-12,3.060549322681778e-10,1.1156530058921027e-11,4.503201781229849e-12,1.267999401789005e-11,3.71351264651888e-12,2.1453423998024837e-10,2.1057326908832804e-11,1.021153129799062e-11,6.476829887347898e-12,1.2057529624589133e-12,3.655100069995453e-10,4.7654708411701163e-11,1.3928607155942787e-11,1.4019525104171754e-11,2.5856973336177638e-12,7.864392560730756e-10,1.0027597451170443e-10,1.1332412238917243e-11,1.412264022114894e-11,6.2098176937421955e-12,2.5031560278399037e-11,5.021118963222467e-12,8.364673092240001e-12,8.749661940393497e-12,1.7706886808679428e-12,3.3965937344046467e-11,3.420392402931893e-12,3.7885822981202205e-12,7.959978595918935e-12,9.25275648764308e-13
3,1,val,21,5.421685488607324e-10,2.7010993688048772e-11,9.072257884823745e-12,3.7349708549567585e-11,3.143543193211576e-11,4.0814219786259676e-10,2.9098649298670295e-11,1.1149625300840752e-11,5.4856254601331704e-11,1.460798322438118e-11,3.9025990818582954e-11,3.778477876024263e-12,7.749707894194553e-12,2.4005424722224845e-11,5.773903952748659e-12,4.06651087072058e-11,5.3125358027735405e-12,7.635914212823283e-12,2.227797719861186e-11,7.7116061712042e-12,2.8594398415613326e-11,5.225376782660965e-12,1.2454401078357124e-11,7.950897837005575e-12,1.175328660706063e-12,1.506025089414018e-11,7.565645365231022e-12,1.2172828403468377e-11,1.1072141930538592e-10,2.023432162074468e-11,7.549481902507703e-11,1.4752772471198684e-11,2.1520741160413816e-11,6.066559823900891e-11,2.5398712142471592e-11,9.24404684968014e-12,3.616779002721129e-12,3.1955928522480743e-12,1.565328033955304e-11,7.0569887408610455e-12,1.9402791309275523e-11,2.666335508094773e-12,7.150184324504684e-12,7.033271678149524e-12,1.5673573722094551e-12,1.1484789496817995e-11,3.147989227058327e-12,1.19913750105948e-11,1.0399272420183714e-11,2.035135878791743e-12,1.910371347712387e-11,6.8075526722956795e-12,5.14500321053062e-11,2.2653811688328776e-10,4.871399407460005e-11,6.443957168165393e-12,1.7983323837365833e-12,4.427712626195617e-12,1.713335938225658e-11,1.0019772126106284e-11,1.0673880446693253e-11,1.9560037842921903e-12,1.1018712153308925e-11,1.1988726143942028e-11,1.8104634075552515e-12,1.0740042771090028e-11,2.938037227220973e-12,7.870961424380336e-12,5.536412544748913e-12,9.60452182904879e-13,5.365905604568448e-12,2.9211193470382766e-12,2.6289236407132212e-11,7.982567785398013e-11,1.6670579420736233e-11,5.1352999080410875e-11,6.177125502848367e-12,3.398281255876798e-11,1.1364691474785746e-10,2.3561387985373053e-11,2.7862211794421693e-11,1.8109175895860755e-12,9.345965811143402e-12,1.4895254327067416e-11,2.259174411776869e-12,2.753394910192984e-12,1.978730466512069e-12,4.561169770119496e-12,8.55100016449294e-12,2.3229460366589092e-12,8.734674126905163e-12,4.028604709524807e-12,3.0609578950057354e-12,4.6014892923436155e-12,7.295871334343218e-13,6.338944806620356e-12,2.9682077421775555e-12,6.180240611494235e-12,6.4771249331863094e-12,1.315352886243212e-12,7.658883597983537e-12,3.989137191136434e-12,3.230589987899525e-11,1.0803101537272819e-10,2.9267262220204076e-11,4.862958109294079e-11,5.461125591285298e-12,3.027157434484055e-12,2.4670336959774024e-11,4.818615289741348e-12,8.763218830848635e-12,1.8535624886044714e-12,9.549459966786718e-12,1.6618984776414443e-11,2.925802068778356e-12,4.0111198461676265e-12,4.104776114055524e-12,4.2731553969287415e-12,7.632599926442446e-12,1.5388490447997793e-12,5.22495901767528e-12,5.737159218633261e-12,1.8923049122030974e-12,2.758088476611178e-12,5.949751063701253e-13,6.864754150922625e-12,5.000789524068821e-12,6.159772424846795e-12,1.3489364262963991e-11,2.2866546299851603e-12,2.4411677421167605e-11,5.868317937402729e-12,6.255515113483125e-12,2.1099035855929606e-11,3.5680609865485543e-12,3.502429573213579e-11,5.063915692984408e-12,1.8494271756931103e-11,4.9965792684714886e-11,1.8979573692698346e-11,1.5935721800202825e-11,7.955801797522944e-12,2.79606179215727e-11,3.7990805126938984e-11,1.0953240129314545e-11,2.4323985286465464e-11,1.1415666693680337e-11,2.8510954569233543e-11,4.277977935702397e-11,1.2823701879111945e-11,3.240344747332436e-11,1.1403286517986914e-11,2.432295422314295e-11,3.7602865542139444e-11,7.930060797456909e-12,4.536490830557785e-11,6.646802721866183e-12,1.3213262419234975e-11,2.3509350857889267e-11,3.885597373131897e-12,1.5124144806237533e-11,2.3134794024580787e-12,4.713947440244243e-12,1.126694534446372e-11,3.665810069661561e-12,6.38011474137751e-12,3.575367637744009e-12,1.602924998915942e-11,6.749924942276698e-11,1.4375546022802769e-11,4.356605198347608e-12,1.4249873265495383e-12,5.147117579412147e-12,1.1439767826422073e-11,4.729183978313308e-12,1.4263803565943516e-11,2.154061397214675e-12,4.698790082969565e-12,5.9421234777312095e-12,1.1656293992581686e-12,9.232185859967058e-12,2.5434932166556802e-12,9.882175104912935e-12,1.0737254378972894e-11,2.0815820940123773e-12,1.788135114381455e-11,6.590105361607177e-12,1.1701498751832384e-10,5.75343925992016e-10,1.1906204722097202e-10,6.32775923284687e-12,3.143735869017938e-12,7.242595875639382e-12,9.280439497739504e-12,1.4969540182137542e-12,7.202351764310662e-12,4.128195977192676e-12,3.3288463246113877e-12,2.7696172652435688e-12,4.181472955298835e-13,4.612801431187366e-12,3.0876490333312827e-12,1.2752810051863935e-11,2.679005105337311e-11,6.312083228727109e-12,5.342745144405947e-12,5.241142324207232e-12,1.7016517556747703e-12,3.661941118992192e-12,1.0950676936323412e-12,6.416286659398987e-12,4.853926369496045e-12,3.582857845451764e-12,5.912330023584205e-12,4.992383343690524e-13,1.11201662005653e-11,7.064438767776657e-12,6.448926827006052e-12,8.35944148391587e-12,2.0102457524207128e-12,1.614734588678215e-11,7.088203304542996e-12,1.2006092713477314e-11,2.212877558980195e-11,4.437385662860822e-12,2.6029546496618194e-11,5.19389467332676e-12,1.6256278654319343e-11,5.6099221230963886e-11,6.334813422561247e-12,4.1507658768484136e-12,1.4232053999229683e-12,4.9016852687077065e-12,1.1360321321197917e-11,5.050177605258378e-12,8.131316411787772e-12,1.4816436149801292e-12,5.533428461859364e-12,9.562308263168013e-12,1.885448909690044e-12,1.0901316345418991e-11,1.3965365198244675e-12,7.199419974369065e-12,1.3205170483157193e-11,1.9798891224266276e-12,2.248145417880797e-10,1.3444376320187599e-11,7.440339592101696e-11,2.0384459245994743e-10,5.1684635811820925e-11,1.1684510458027506e-10,9.896335703716168e-12,9.726952862708327e-11,2.813722877615687e-10,9.349012429481739e-11,2.5440656882081367e-11,6.869127781761487e-12,9.880571329508784e-11,3.1908850140768125e-10,8.720592049828448e-11,4.092830164180699e-11,5.77006765469804e-12,6.189741283401419e-12,4.501144858749436e-11,1.1288026606412216e-11,2.6470820406446072e-11,5.6637485053982206e-12,5.854045822648923e-12,2.0261222557731298e-11,3.126836436709871e-12,1.458724984471239e-11,7.491843516431613e-12,1.1371789457506418e-11,2.1572545752662714e-11,4.4658655785312475e-12,4.895906966702469e-10,2.7377256422004367e-11,3.482519339524114e-11,7.67168840758823e-11,2.4658101419668175e-11,2.1497992743982163e-10,6.782683906861177e-12,8.584690276875365e-12,3.438017840833436e-11,2.0860289404705244e-11,1.6461604492731808e-10,9.669520188107913e-12,9.590375354716086e-12,1.0474391793475244e-11,2.6618868857620066e-12,1.0177777068240241e-10,1.2993084172064743e-11,9.536905650641672e-12,2.461434173217478e-11,6.222830008291109e-12,1.0290574565759548e-10,2.5431068322969018e-11,9.093089524903824e-12,3.979437012814917e-11,1.5560999935965536e-11,9.848572983767243e-12,6.0594729613182694e-12,1.4090338050306103e-11,1.677982111899423e-11,4.227930238961301e-12,1.911414680115761e-11,8.50495515235867e-12,1.2074617634690985e-11,2.1997700983047272e-11,1.7767580155806e-12
3,1,val,22,1.8521835472834698e-09,1.8661545332383723e-10,2.231700699979005e-11,8.84154080589886e-11,1.648870269389247e-11,1.31960405245936e-09,1.926929077801781e-10,1.6772742904783528e-11,1.0313436833548897e-10,2.17027814068424e-11,1.1627926277627197e-10,1.1301182023540852e-11,1.1180018966160001e-11,6.433265568778991e-11,2.5203910581494e-11,1.1574864865097112e-10,1.1664118546868636e-11,6.568280528803268e-12,4.7432626896258144e-11,8.519649218291811e-12,8.401681535608891e-11,9.083658425453861e-12,4.094749238201273e-12,1.9422986606628726e-11,4.544648389342762e-12,4.506107023103582e-11,1.5149553971386687e-11,1.567013025420199e-11,1.2857967860232655e-10,3.565009284063246e-11,7.488230657028313e-11,2.0295587321463985e-11,7.695026459975514e-12,5.020337891079084e-11,1.4072841063552369e-11,4.334747865008442e-11,1.4692045481601136e-11,1.6842798425579943e-11,5.1148570333011244e-11,1.0180213796280952e-11,3.3579968592038105e-11,4.64890250204557e-12,2.561187807687085e-12,1.3717103141366068e-11,2.51813866698353e-12,1.5851313556570957e-11,3.0708977631181152e-12,3.2662414330038655e-12,1.4533595079579877e-11,2.7440051287715e-12,1.120496712392345e-11,1.1776686656829839e-11,8.566955090218199e-12,4.390311467772996e-11,2.1083772206604665e-11,5.028040715790486e-12,1.3553836032677144e-11,9.337774843914775e-12,6.364512388005907e-11,3.1176511190320906e-11,1.0452311549173267e-11,6.081980846694648e-12,3.6245701943224656e-12,1.0674907560334531e-11,1.8601514991867635e-12,8.294647517871663e-12,2.3993629588819375e-12,1.008877971592668e-12,6.564729480100531e-12,1.3552156102298418e-12,1.2854279358673221e-12,2.5258407241434804e-12,4.122460237254282e-12,9.653846874643448e-12,2.078025485532782e-12,2.9839715544094605e-11,8.190713842560793e-12,7.945982431760435e-12,2.984577204327555e-11,2.0791558385500902e-11,8.79105296163826e-11,1.05820109006254e-11,7.65374491948382e-12,1.64835665286722e-10,1.1836537580186936e-11,3.5479587130372456e-12,1.1504795890808094e-11,3.3619600272633014e-12,1.6869338062065773e-11,4.942886992382197e-12,4.351938430588703e-12,4.150772602822174e-12,9.739704529503662e-13,2.1087726141343627e-12,5.674942914561384e-13,2.681974610850109e-12,1.8645474397099506e-12,8.540222315184598e-13,2.6584024263935084e-12,2.7981323203227526e-13,1.4390833208068363e-11,1.3360330508974914e-12,1.5237687001126148e-12,7.769115898906313e-12,1.5608756805415713e-12,8.488869858354029e-11,3.296381854114827e-12,5.280604710316915e-12,1.2449950501994636e-11,5.110412406545389e-12,2.8693246409416398e-11,1.3063626320690622e-11,3.9493184166848475e-12,1.6378207470637213e-11,8.726219175232584e-12,1.0892564695327693e-11,5.720111392999726e-12,2.5544875302213265e-12,9.115016558046891e-12,3.9027915904745474e-12,1.0376523925670346e-11,4.248514689906697e-12,1.104548801430408e-12,7.327197349515555e-12,1.2574535519451605e-12,1.1418088651668392e-11,1.6266398585293626e-12,1.4742549166476049e-12,1.587916022812214e-11,8.760261611361881e-13,5.22679849645321e-11,2.636461368477693e-12,2.6044181849924966e-12,1.750781322508595e-11,2.4965979909853067e-12,1.3011148566403426e-10,1.8128122699227932e-11,3.3986948604127495e-11,1.5531284424267423e-10,6.570302308657161e-11,1.0243545800871728e-10,1.0049533433525923e-11,3.640326976140077e-11,4.5092994151580093e-10,8.134776737703109e-11,1.1746884776442156e-10,1.1792439285047295e-11,4.57297961803247e-11,6.776042817164288e-10,8.127759662614764e-11,9.456263560097195e-11,8.675443900601547e-12,2.516162032912317e-11,4.667299145154998e-10,3.0855642078362305e-11,1.4337421556949447e-10,1.1973311765789274e-11,6.81298450149261e-12,2.4954313014953113e-10,2.9233321481042875e-11,3.712354666190868e-11,6.179536124421579e-12,6.490006039454335e-12,2.601853153005429e-11,4.938166981643017e-12,5.9180185596751574e-12,5.016068714924446e-12,5.781037056292607e-12,2.70715714411097e-11,5.989310743330209e-12,7.617205384947668e-12,1.3246670082091258e-11,9.41231185666661e-12,3.4359421215436845e-11,1.0356497793043792e-11,1.152257790851566e-11,3.5992257935565698e-12,1.6659901338226837e-12,7.469483938824639e-12,1.2562068748968758e-12,4.73569082733328e-12,1.4220376951273603e-12,1.5725699939743233e-12,6.040005638372498e-12,9.875562978975542e-13,7.778118452509549e-12,4.4821272593562856e-12,5.70989115582995e-12,2.1802159689718366e-11,1.2515894359297592e-11,4.199359153012804e-12,6.28549677682447e-12,2.143147222698361e-12,4.059013366243702e-12,1.553497925588067e-12,1.2043761362441869e-11,2.7661253425964562e-12,6.385172990783877e-13,2.2021362021891157e-12,5.168162011213451e-13,5.469781954054898e-12,1.237994289860884e-12,1.5585051271061404e-12,4.945288571011634e-12,4.283090430434749e-13,9.837703890929342e-12,4.685803581761421e-12,1.6256820563136729e-12,7.757614546104408e-12,2.0875663125949715e-12,1.1592119082117561e-11,2.495788384006726e-12,1.5928840782698643e-12,1.3563612061557407e-11,1.0377036907535067e-12,4.100405661329179e-11,4.923030467703706e-12,6.594729524177319e-12,9.40377246768711e-11,1.0112771607928295e-11,2.6665702879336306e-11,5.401016610965349e-12,1.3960360780239931e-11,8.220079495322496e-11,1.1952645082190076e-11,6.633455304811109e-10,1.9960205214703255e-11,4.8806840465855896e-11,1.246464219798172e-10,4.51931441335366e-11,7.356072864916849e-12,1.3565712227745531e-11,9.553691479195535e-12,3.4729893853404476e-11,1.0258092631214464e-11,4.914148213763604e-11,3.0411184116755445e-11,2.7262918217520296e-12,5.5196528749462044e-11,4.8108372325477195e-12,2.4022296642578656e-11,1.4531704777811857e-11,2.5949573422109844e-12,2.8791079698937494e-11,6.428756322878204e-12,2.868701857411986e-10,2.2590493620063922e-11,9.408464493173969e-12,5.958865153811066e-11,2.7709386897318392e-11,9.0157495062097e-11,1.639015643140962e-11,8.258528689664525e-12,7.637186465468186e-11,1.689836182806178e-11,1.9539188272842004e-11,4.436234881923647e-12,4.437930090836014e-12,3.145185494070839e-11,1.07390261461525e-11,4.768998177619214e-11,2.8826582669265173e-12,5.441863875941151e-12,1.451337497970452e-11,5.1291788156368214e-12,5.263371582027444e-11,2.7857662830824654e-12,2.8399854277980003e-12,1.635056076631309e-11,2.5743947698224352e-12,1.588656562916987e-11,4.8012225340840024e-12,1.149283446471891e-11,7.660113791572311e-11,1.0195647901635287e-11,8.484474742437151e-10,2.586676992906866e-11,6.8331454118162544e-12,4.88550254572065e-11,2.2616420555197788e-11,8.695324964863377e-10,5.7196170389215135e-11,1.1435961372664412e-11,8.942669508703724e-11,1.2806502732788676e-11,4.078864486994498e-10,3.53740982969173e-11,6.039391049514628e-12,3.3863655117910115e-11,5.344779236503743e-12,4.552058446252343e-10,5.0105799015414026e-11,9.769181632371217e-12,3.0587120747833234e-11,1.2805131360598492e-11,3.581970375120758e-10,1.0018165427776615e-10,1.0240157915619599e-11,1.0510076006488757e-10,2.4372463767748095e-11,3.9126468414951666e-11,5.952035839440051e-12,1.082173814652222e-11,1.079053009356007e-10,2.0358882810598038e-11,3.215769776525869e-11,3.5285080500031734e-12,7.89836670218354e-12,1.0789151771487266e-10,6.733030265246793e-12
3,1,val,23,5.075844240810021e-10,9.706460785246256e-11,1.4310243374118987e-11,4.938285612962953e-11,2.5267125741492008e-11,4.054153647235354e-10,1.6356230773778692e-10,2.0360503140398823e-11,4.335228810000294e-11,2.357332909600869e-11,1.924813569422423e-10,1.7716013916586342e-11,6.254187190618259e-12,5.364907641047526e-11,1.4490609159690488e-11,1.530513478258021e-11,1.1040740835759746e-11,5.822927446223165e-12,3.292735414083714e-11,1.109350024801413e-11,1.6681582543078607e-11,1.1350578350337284e-11,3.75823293916065e-12,8.211792651770322e-12,2.4638951621457406e-12,4.6914820355307134e-11,1.7102673839953428e-11,9.788512986380867e-12,5.855432394412515e-11,3.2825381204476095e-11,1.410384720074101e-10,2.7183959980201744e-11,9.298462779472357e-12,2.418107676500007e-11,1.2677472233612838e-11,4.847999628743495e-11,8.199927244108026e-12,5.102693720660234e-12,3.40084721874448e-11,1.79025460273711e-11,6.5759565567138415e-12,6.470138646365899e-12,3.15134478626185e-12,9.13272758133419e-12,2.639569540629778e-12,1.4590048757126913e-11,4.314291212740194e-12,4.234011703308671e-12,7.692355129120447e-12,3.3802010843811372e-12,4.304402783249744e-11,8.62297793479725e-12,3.462660644370852e-11,7.799765909061301e-11,3.4458202219856004e-11,4.492562297433925e-11,1.0770433221020928e-11,1.049282575227003e-11,3.245433823816824e-11,2.532470940577326e-11,7.793698986806023e-12,3.649695159762523e-12,1.0383897987977445e-11,6.069818594822034e-12,2.786719866815987e-12,5.946984340928834e-12,4.262697345449962e-12,3.672545355854787e-12,8.581992950359726e-12,3.0524174056392967e-12,1.2965158182575985e-11,1.6367394793833903e-12,5.798469372560169e-12,8.229172960212914e-12,4.721504533725281e-12,3.945067993465729e-11,2.9063747404043484e-12,1.304638835631493e-11,3.2181826982080664e-11,2.2138655800201797e-11,3.636514115863276e-11,1.4464421809469568e-11,1.2294773802457575e-11,1.030375442473391e-11,1.8324163319697987e-12,1.1308846883595113e-11,4.884187895417473e-12,5.0727127859764845e-12,7.464947315541742e-12,5.5259353780181716e-12,2.994227831067408e-12,2.9401766717144994e-12,6.194718967452232e-12,2.9951328142744292e-12,9.079811256847701e-13,5.1480352255603345e-12,3.2401050553293284e-12,1.177591366827038e-12,4.158107372904442e-12,7.324230990045818e-13,9.497813221831483e-12,2.4835209557676255e-12,7.352522081423056e-12,1.0487852470285787e-11,2.982480714677968e-12,2.0282350563878276e-11,4.202362530972163e-12,3.6759659077023325e-12,1.2198733426281958e-11,4.643396015205373e-12,1.0037268109752099e-11,1.1146724341601392e-11,5.96558128410614e-12,1.0954422493736883e-11,2.0822360814930592e-12,4.6443654127427554e-12,2.624108172749369e-12,5.190691122030704e-12,5.94473657973555e-12,1.1507111389809533e-12,3.617120414452269e-12,2.952794179752369e-12,1.7824437722385312e-12,3.734053502211086e-12,5.152199117673263e-13,7.931443839738909e-12,2.8699047067530363e-12,3.37046241392754e-12,9.875170375325977e-12,7.808376108275432e-13,1.4316226536249663e-11,5.965295855820445e-12,5.401371310570036e-12,1.7669771900855905e-11,2.131764853498353e-12,1.6080364041189227e-11,1.3398549260305557e-11,2.197187166794612e-11,4.973417020549192e-11,1.3867083963115937e-11,1.1981138156960015e-11,1.2504658204941538e-11,1.8789803092601755e-11,2.949717295577081e-11,1.4744954208029797e-11,8.097781663984781e-12,1.4203657528285997e-11,2.167661063144039e-11,4.4427824213329595e-11,2.2523123067213236e-11,1.4227495436663382e-11,1.1341371409702872e-11,1.2940823913845961e-11,4.682002400318467e-11,1.7800726568233387e-11,1.6044372899604496e-11,1.1766675009998925e-11,6.045799781188071e-12,2.5340467696888788e-11,8.746581751019125e-12,9.398652333027243e-12,5.46023794898602e-12,2.139275403539331e-12,1.5436941758662666e-11,6.000781476543047e-12,2.2006052596028796e-11,3.726180424324131e-12,7.560033682856091e-12,1.831164648004738e-11,9.19494685706945e-12,1.8528486996894517e-11,4.785166848208668e-12,6.6927688132865955e-12,1.9512569510975956e-11,1.4234301217814031e-11,4.934926307544792e-12,3.4651715008595892e-12,6.4971594498475995e-12,5.320462088352388e-12,1.78881500165998e-12,7.830765908220679e-12,2.685916975381067e-12,2.42706299593395e-12,5.781745148133354e-12,2.414077429133334e-12,2.061514046249205e-11,3.719343062267656e-12,1.958565953276953e-11,3.641774427441087e-11,1.9752790409196114e-11,5.422157805420966e-12,3.4309726458790474e-12,8.417157549516653e-12,3.845375873545858e-12,1.9554224814384245e-12,5.804330469143671e-12,3.153294468413034e-12,1.7683970967157217e-12,3.127849518996188e-12,6.719482024968809e-13,6.240589538062675e-12,3.3009491343154062e-12,3.4496498786674384e-12,5.181831492284347e-12,7.948857820915398e-13,3.676661397115507e-12,2.47049511602353e-12,3.191108188262625e-12,4.2369166232324065e-12,6.77184153303298e-13,5.258284337933121e-12,3.534626649510482e-12,1.3373492399966073e-12,5.851039930961852e-12,6.171198803026479e-13,7.185882833389561e-12,4.770801175867743e-12,3.2913733505293405e-12,1.1138155871563828e-11,2.8889663462540333e-12,2.337360723432785e-10,4.758252531475669e-11,1.8764721550110576e-11,2.1172628888269976e-11,1.3631907905396021e-11,9.286373812974429e-11,2.655841765347134e-11,2.01418956601353e-11,6.482213295090414e-11,3.045915490989687e-11,1.948497775291992e-11,5.315773502157231e-12,6.8423231783756135e-12,1.9449454710357885e-11,1.4260845959869774e-11,2.3435106638696215e-11,1.0851986633022318e-11,6.9129620379295915e-12,7.552181006989202e-12,3.681063382959753e-12,1.6117922153127042e-11,9.427666056191594e-12,7.804115626436007e-12,9.174203484620577e-12,1.8067396974681309e-12,1.3165078652549358e-10,6.027287962670709e-12,3.566145856514561e-11,4.8433255163843476e-11,2.5212983714410168e-11,6.721483545397618e-11,2.9473107294646237e-12,1.6845831323707312e-11,3.936084312915025e-11,1.859425108947309e-11,1.9179262342122766e-11,2.781889192556511e-12,2.159048651919582e-11,3.55874271001835e-11,1.7454409635367433e-11,1.8263121159282263e-11,3.97819018201728e-12,5.289431448247343e-12,1.6022566560694085e-11,7.343347856877038e-12,1.2313240419089167e-11,6.194866768849279e-12,5.54649266234726e-12,1.7197542347765676e-11,2.103527205644784e-12,2.580169970864302e-10,5.080893549479608e-11,1.5215937393052062e-11,2.0562755201735837e-11,1.265056959414481e-11,3.806793799786867e-10,3.764668163169412e-11,1.9836861045545117e-11,2.1256807805314747e-11,1.149914365023972e-11,4.361363180487942e-10,1.465858981265411e-11,5.744502190642441e-12,4.3391988753784194e-11,1.4169264783391617e-11,9.628555451810299e-11,2.5767910869016678e-11,3.973669413600792e-12,1.4428199231167658e-11,6.5694334125675705e-12,1.0835341526305369e-10,5.918587180868119e-11,6.816598247461618e-12,2.102755332632663e-11,9.276493152086355e-12,2.535974412258802e-10,1.289816837385971e-10,1.7108176218628615e-11,3.6058644225400786e-11,2.128786455540155e-11,9.263150386397932e-12,6.445627019807948e-12,6.5512165935059396e-12,1.4894424296450727e-11,3.88036580603575e-12,1.4190609444863622e-11,6.530146565213732e-12,7.884943753119306e-12,2.450198588253468e-11,3.871976191101691e-12
3,1,val,24,1.2342191232550892e-09,2.4441076240789894e-10,5.368536361227641e-11,1.2230413862712303e-10,4.48984581358133e-11,1.950915561632642e-09,3.090552264022241e-10,5.0368279555499394e-11,8.091560278755421e-11,3.001210630610159e-11,4.1858393200202344e-11,1.1695025722305494e-11,1.5478517740609742e-11,5.828215433303565e-11,1.3380209913156928e-11,3.474109590439617e-11,1.228388953451451e-11,2.7324613983103353e-11,3.2794710552920456e-11,1.3128313835324877e-11,4.0498535271417743e-11,1.0673527764351855e-11,2.2275458792348216e-11,1.741855701717884e-11,2.3334485238820394e-12,9.346382926757898e-11,1.8468781661320007e-11,2.575507970837451e-11,1.0249472458822841e-10,3.1874913189953085e-11,1.355781176182738e-10,1.1259341605505951e-11,6.890939185403753e-12,3.169600623547533e-11,8.140334457995594e-12,2.4602805794841103e-11,6.001415164565222e-12,8.342384982695508e-12,1.711556905873344e-11,5.097770336156623e-12,6.1382822569280654e-12,3.5191136865878117e-12,1.523908521999503e-11,1.1761040923824824e-11,1.3712682306773415e-12,7.0264621946564354e-12,4.342931426642588e-12,1.5309071971322854e-11,2.3421752543500635e-11,1.9302069413218676e-12,1.985898364515675e-11,3.144461419502649e-12,2.9112637085771702e-12,1.6571067640033503e-11,3.8771143253441874e-12,4.093018468275017e-11,6.912871650325023e-12,8.02726695445124e-12,2.1334598603436015e-11,4.809465054718217e-12,8.844327033463965e-12,5.200710444031028e-12,1.1967655986895179e-11,9.672740259496871e-12,5.245982372741093e-13,9.330946739424732e-12,4.186489793890302e-12,9.45846540763219e-12,2.98178939657604e-11,1.5380289139271085e-12,3.0599523524108303e-12,3.827996496059229e-12,9.939955595634635e-12,1.3496848871872769e-11,1.1864263677706074e-12,2.1101151148845596e-11,3.82802163006256e-12,1.8388562164326215e-11,2.5079219511114723e-11,6.217216313134237e-12,8.056539649594785e-11,8.35585577291293e-12,1.8835529424798872e-11,6.5490570579147285e-12,7.057960419462506e-13,2.7327365071303785e-11,5.36935901850846e-12,1.166469149980357e-11,8.535292018276769e-12,5.575066730173001e-13,1.5402568284436457e-11,4.461077746455137e-12,7.697426868431916e-12,1.1703511299169272e-11,3.9416559860722536e-13,1.2494105058553374e-11,5.1117093958841265e-12,1.011727698131933e-11,1.3931679932482805e-11,4.683795818656323e-13,1.3222925522878083e-11,6.626387690719095e-12,2.0330350071305807e-11,1.2603569017158211e-11,1.005064499444282e-12,3.82199577092284e-11,9.448636128092388e-12,3.475182249307843e-11,1.1170561980594905e-11,1.2497893231392163e-12,4.803752932289732e-11,8.644350008730745e-12,1.7195664280697037e-11,1.2492032289674129e-11,7.599067929906118e-13,2.924823960674546e-11,6.682407715148592e-12,1.2026570593625924e-11,1.4830148769031796e-11,4.686576234200981e-13,2.8914236837774146e-11,6.686749609668081e-12,6.881200366294167e-12,1.4780577831999793e-11,4.0192614482030253e-13,2.4584233533158852e-11,9.433605573420229e-12,2.0000271962085328e-11,1.676155219530769e-11,5.93091272495642e-13,3.779388417195996e-11,1.4495389591167316e-11,2.6386998436302325e-11,1.8470431823305793e-11,7.26585523794999e-13,9.471238986780426e-11,1.4685625470185252e-11,1.4556146062941453e-11,2.0360628545343236e-11,8.354366587707536e-12,6.563626013714473e-11,1.3133315618336192e-11,1.3819503895165021e-11,1.6468667838122847e-11,3.132014517728515e-12,7.085129729742927e-11,1.502195212102626e-11,1.6817008487345227e-11,1.9773759366742466e-11,4.918920975371355e-12,6.316223438912507e-11,1.7611941020365342e-11,1.9614924606492457e-11,2.974799857904642e-11,4.9868136289503096e-12,7.428508631246102e-11,1.563196221828282e-11,1.8778635419146184e-11,1.757004765930227e-11,2.518357579451596e-12,5.629404348641247e-12,3.781276382257457e-12,1.2445909592927603e-11,1.2599378242083628e-11,3.462623366501303e-12,7.983793296531047e-12,4.170799288710196e-12,8.308474951613287e-12,2.0481813830168922e-11,4.191220563857293e-12,2.233834725197134e-11,4.552014160400235e-12,8.756643952938097e-12,9.314167007614889e-12,1.1999599167100533e-12,5.670107843954042e-12,3.116265633796547e-12,6.558939827329435e-12,1.0260915530102722e-11,4.825796773407888e-13,4.9418900061451e-12,3.819556159111816e-12,8.51859070909153e-12,1.7963690600645052e-11,1.0100696035991046e-12,8.148971149049606e-12,2.5169973866540366e-12,1.112715845706822e-11,1.4616163957251008e-11,2.7686347953897893e-12,1.6423344782339188e-11,5.059269244482038e-12,1.4736568400522053e-11,1.0107695335894661e-11,4.813727192313176e-13,1.9073259693289145e-11,5.054035823943922e-12,7.972574757653595e-12,1.332781944209766e-11,4.384422125876223e-13,1.1507313802079391e-11,6.666903362257862e-12,1.944781720063526e-11,1.5372155679256082e-11,7.168878193531493e-13,2.9563456499050734e-11,5.390079387178128e-12,8.091822920553341e-12,1.414762735249146e-11,3.378153471117728e-13,2.8899747554662865e-11,8.100309801342496e-12,1.2535153370286146e-11,1.608058966264951e-11,4.4818308778399157e-13,4.8913243350051856e-11,9.8826764672154e-12,7.397660137229758e-12,2.1444785228242675e-11,8.129605359665103e-13,1.2374628531509458e-10,1.6014480453290746e-11,1.0060098156796672e-11,1.3352400171860306e-11,1.7445175303110732e-12,6.697148912695558e-11,8.799870463832682e-12,1.7446129853226834e-11,2.3299329347583807e-11,1.1870986443034526e-11,2.1940414885488713e-11,4.785609252428396e-12,8.650359917475769e-12,8.797083992940744e-12,1.051122801290264e-12,4.7001907926912404e-11,7.637226067670906e-12,1.5247629776159815e-11,6.004611285980701e-12,4.932734982117267e-13,5.4576802746273685e-11,6.9710315998638276e-12,1.8043726319295673e-11,9.114814583365784e-12,7.262858767480068e-13,5.422492423009835e-11,1.1734762205314841e-11,1.094995755251728e-11,1.789465269885379e-11,2.8703578907436085e-12,3.226325933779181e-11,5.286982734167249e-12,1.592914745711618e-11,1.555789101505571e-11,2.783160322600829e-12,1.399445082634731e-11,4.637029171068383e-12,2.309777418228133e-11,2.3543252437255278e-11,6.000013589295907e-12,3.302080806721356e-11,8.553834457955362e-12,3.5651093534081116e-11,1.2805257791199134e-11,1.9502004294241005e-12,3.7292665422533746e-11,1.281096579424036e-11,2.6612157299195335e-11,1.93782762286699e-11,8.082125852445843e-13,1.2429034212229513e-10,1.7022260703791327e-11,9.922384893997887e-12,1.4507523647872172e-11,1.9004499287451576e-12,2.3186694475488535e-10,3.112436386931821e-11,8.911783242288743e-12,1.892312660517925e-11,2.762583505922085e-12,2.0322144255793052e-10,6.681178143672811e-11,2.6691044158380804e-11,9.975107598575863e-11,1.9179443387356302e-11,3.0210976416812337e-10,5.3382907815824636e-11,2.8286251090840236e-11,1.9545243103450962e-11,4.690897843445877e-12,5.362124945158812e-10,8.2997905517058e-11,2.4064388528714617e-11,3.940789771290222e-11,8.919414273414216e-12,1.0830828540793721e-09,1.276752626719477e-10,2.381686746005837e-11,6.049987801065129e-11,1.8075589153476755e-11,5.012062764222111e-11,1.121732613782803e-11,1.1363987602965612e-11,2.2554478422531155e-11,8.905311936421729e-13,4.8446332134786425e-11,1.4835804210219505e-11,1.5035392827650053e-11,3.265281510849613e-11,1.331463057025471e-12
3,1,val,25,1.8001145008526387e-10,7.635279266633421e-11,2.3007123123959658e-11,3.805111596303419e-11,3.466537520355272e-11,2.5100983997367483e-10,8.320253310951848e-11,1.5517791332928073e-11,6.881597977719454e-11,3.2027321447378634e-11,6.452827702022366e-12,6.013054786878807e-12,6.463128288861191e-12,4.8085499285405234e-11,1.5369512070364678e-11,7.19168941695748e-12,9.640750176747309e-12,1.6806013668197265e-11,6.073054156144142e-11,2.2641889279669294e-11,3.7029615026030585e-12,3.543988992790478e-12,1.1065946559077908e-11,1.247474883937249e-11,1.6822245242970539e-12,1.008126515565801e-11,5.4647014044425935e-12,9.760099284630318e-12,1.1168450089065757e-10,4.920006747691775e-11,1.2270925652370266e-11,3.2150596158701265e-12,4.514582245181003e-12,1.7872707645939922e-11,1.5975529119466206e-11,8.678726599125675e-13,2.9748853506249614e-12,6.774499475125472e-12,1.936242123248598e-11,9.287019259477536e-12,1.4386718874266512e-12,8.263320857051142e-13,8.70696369471941e-12,1.4326983402637503e-11,1.6763081697062942e-12,1.703479395518436e-12,9.845815449586542e-13,5.46134153273718e-12,9.520935703170884e-12,1.1115132262521679e-12,2.224444192448835e-12,8.123884057785804e-13,5.413547430754922e-12,1.8584759598734985e-11,6.091837670964635e-12,2.7652725353472106e-12,1.6915882915482414e-12,4.532170557067626e-12,1.538272339106492e-11,4.3347411355177845e-12,2.029854104351432e-12,1.1583765939924522e-12,2.519657832014872e-11,1.1040981088410386e-11,1.2130767827335802e-12,8.335572468793051e-12,2.993079124437186e-12,5.5567311343936784e-12,1.2202805868872558e-11,6.002069326211932e-13,3.3319717385575486e-12,8.913714641738907e-13,2.177603364486103e-11,7.757216011640001e-12,1.158093875147426e-12,5.235154307777256e-12,9.691742293980957e-13,6.033901446129623e-12,1.7237608894505927e-11,4.7650734749425776e-12,9.67228534647342e-12,3.480277500009005e-12,6.300106389477691e-12,5.615839150877199e-12,5.758893212375952e-13,2.524138674858049e-12,2.418820102214884e-12,1.1675136125212373e-11,4.885847688151931e-12,9.292334094693712e-13,4.887467733640004e-12,3.641334396986981e-12,8.11255765422972e-12,9.704412040084472e-12,6.304949252586094e-13,5.580429900169568e-12,2.4006948677874963e-12,1.2724774222830349e-11,5.7675119267962104e-12,3.87009391867011e-13,4.2736470099629385e-12,1.836998555273153e-12,1.4073096053425447e-11,8.370688864972303e-12,1.2406595800678588e-12,9.344277203062566e-12,2.0179690601021577e-12,4.323527056323028e-12,9.038936520071194e-12,2.004631506125352e-12,5.3210235884110885e-12,5.231261860336046e-12,1.0732176322369459e-11,6.733671119498861e-12,1.177035778269152e-12,4.943407200444157e-12,5.712706528697468e-12,8.756751841088993e-12,6.89918031644911e-12,5.874865866526397e-13,7.060621746827177e-12,3.8932198758681735e-12,3.923427566320226e-12,7.310691329464571e-12,3.679986473197099e-13,5.302389003439732e-12,2.681836667503151e-12,1.3074119526776182e-11,7.488311263580074e-12,4.974621730066754e-13,8.871224378622166e-12,3.5835274770987026e-12,7.226943679298893e-12,1.0355412709326098e-11,7.982783892349195e-13,7.088708865814809e-12,6.7587795801755545e-12,1.0183496746854288e-11,1.7692146871624526e-11,1.1545191373638451e-11,5.056544503145773e-12,7.481049438488344e-12,1.1005918090919738e-11,1.4461756084002991e-11,3.64203952379705e-12,6.918949008110379e-12,6.083556797085995e-12,1.0567073648986737e-11,2.1441211948871392e-11,4.003963516516e-12,7.39904696244789e-12,4.428967064183342e-12,9.73312406364356e-12,1.9004164496631174e-11,3.2910882415648997e-12,1.0495726023003591e-11,5.108408168920349e-12,5.253577279647697e-12,1.202972639362715e-11,3.6569859590761426e-12,5.681236826946932e-13,1.9358534084275924e-12,1.2349716195528695e-11,2.1650732582623492e-11,6.668794986006748e-12,1.1768119227234483e-12,6.585548616254284e-13,5.498867475561571e-12,1.5797318001804917e-11,5.0137054336210894e-12,1.1778638434864846e-12,1.0163166542762866e-12,1.2266308307544254e-11,5.680907228782908e-12,1.2745058500424932e-12,3.1126705710787925e-12,1.1126992660481537e-12,7.1390945412062605e-12,1.0728108821702471e-11,6.857587079651838e-13,4.931732814377272e-12,1.6149490926471358e-12,8.932165054295497e-12,6.378083527248781e-12,5.175572186856399e-13,3.1082690258431906e-12,6.512748113109867e-13,1.142902796062008e-11,1.1947060371592455e-11,3.253619093590905e-12,2.691777248373288e-12,3.4933116374016963e-12,1.759634305221092e-11,7.829448747233834e-12,7.970634796107295e-13,7.474793789190117e-12,3.739571869523876e-12,7.092442789351915e-12,9.2579319756566e-12,5.296099448641397e-13,4.6044680457662664e-12,2.09024434082464e-12,2.0990663868255337e-11,7.517051327446172e-12,5.013703364963677e-13,5.66011864113055e-12,4.461656603877302e-12,4.5087228209820916e-12,7.427052880236798e-12,4.092548744836885e-13,6.067338086696279e-12,3.0444551745309504e-12,8.871706976203068e-12,6.428004414358781e-12,3.9295414110367946e-13,7.484886037175803e-12,4.811492143985823e-12,4.764053988426554e-12,9.446749427869773e-12,6.77208874873164e-13,7.048298779214738e-12,3.2593612851777085e-12,3.3555736590149173e-12,6.058058620597886e-12,3.227202766071655e-12,5.2865846880132835e-12,2.578641018317488e-12,5.211714122667694e-12,2.1715018902493537e-11,8.932176768060695e-12,1.1252284373192933e-12,1.2682620101901895e-12,1.2514800431795274e-11,5.906631173420694e-12,1.406058632471026e-12,4.275682573148928e-12,2.9991877519680006e-12,7.317311284420657e-12,4.560306578548316e-12,6.441155280156e-13,4.8285498693386846e-12,4.25834758516365e-12,8.541153256168469e-12,5.780382198333477e-12,8.315660068094623e-13,1.145024912190694e-11,1.5411133856738712e-12,3.165961878361916e-12,6.31972768592101e-12,1.0555773685404193e-12,9.465874899952292e-12,8.954798815508782e-13,4.475681300739257e-12,1.0090287024543929e-11,4.225124924259864e-12,5.545999768860963e-12,1.1700370962331827e-12,1.038532129904527e-11,2.223117385495601e-11,8.634852190107238e-12,8.534953929339156e-12,1.795270591337482e-12,4.60183012475193e-12,1.0876866393109052e-11,3.407738574602966e-12,8.250946839388957e-12,3.4042803291539313e-12,6.560457439203826e-12,1.0069302365909792e-11,7.920117444411517e-13,7.167946971975205e-12,4.123122342379681e-12,3.549211726317705e-12,7.137830698859255e-12,3.849021631543177e-12,2.715943803103312e-11,3.2423890470673916e-12,3.0271965169722524e-12,8.117482592376504e-12,3.058632812401406e-12,6.492670935182532e-11,2.995679562932872e-11,1.3124642721029088e-11,9.817937950936098e-11,3.1375425297971835e-11,4.593686025603371e-11,2.0708935381008823e-11,1.4666655785676726e-11,1.3274423660505072e-11,4.1147030536969125e-12,6.773549710284334e-11,2.18312273260277e-11,1.1699455958328762e-11,2.2306836763856157e-11,9.144885967273704e-12,1.1558769766855262e-10,3.3126590688580764e-11,7.1972668259241965e-12,5.113827953448141e-11,2.4221940123317508e-11,5.3605673565870906e-12,8.498767919787258e-12,8.055754482852998e-12,9.846695322045336e-12,9.179368739856682e-13,5.970631733948434e-12,4.416940714424973e-12,1.0473350940475422e-11,1.2187800298270372e-11,7.747506668527981e-13
3,1,val,26,2.289749610669995e-11,2.9773105483627615e-12,1.1796161632521919e-11,5.348137909685066e-11,2.908427617380066e-11,3.560245321718184e-11,2.350104640089966e-12,1.5830335298864082e-11,5.716868464198977e-11,3.374110146510448e-11,1.650697130077791e-12,1.7613300092096786e-12,6.145783513291951e-12,3.410707988126791e-11,1.3659886840050407e-11,2.9413674569307587e-12,1.5568556688012438e-12,1.1035823928634764e-11,2.4142514882100352e-11,1.749425645755986e-11,3.644850300971428e-12,2.609021010625253e-12,1.5130680274785912e-11,8.774214985058116e-12,3.34792025088356e-12,5.113656062255005e-12,2.3435657663749206e-12,1.4254411335456198e-11,7.411215596199792e-11,7.458109410609768e-11,1.4531046332901363e-11,3.104132438307244e-12,4.829342950011624e-12,1.4836262311226703e-11,7.597238047510547e-12,3.7361949919400043e-13,8.650821142116075e-13,2.461093036660971e-12,8.817426142835524e-12,5.022280448211862e-12,7.917008835436402e-13,1.2384797271530142e-12,1.0746380465392626e-11,9.523851688407487e-12,2.0393396978511398e-12,1.013322355339054e-12,2.7446940681485377e-12,1.2511968860810858e-11,7.962043881979445e-12,2.2841412803007066e-12,1.7102277282078458e-12,1.61442722857608e-12,6.5109734026672326e-12,1.317846587871481e-11,1.266855174876661e-11,1.4961723810266934e-12,1.7468261368101347e-12,1.3925669171515559e-11,2.2023628930326027e-11,3.5005080794339636e-12,1.2301296864277025e-12,1.577678368575816e-12,1.6317018371706274e-11,1.331070994132185e-11,6.68065157461561e-13,1.2681229368782269e-12,2.749959057639521e-12,1.0877719325327046e-11,8.637380471483196e-12,6.700319399568619e-13,8.250783892603437e-13,2.0006642029128035e-12,7.537575150608873e-12,7.341673385381822e-12,1.7488067577498094e-12,1.1583988752151669e-12,2.822766910449178e-12,7.586706146152744e-12,1.3889581906051015e-11,6.2165678208254505e-12,3.2601115105022817e-12,2.6281573765044308e-12,1.3525967150381153e-11,4.0158218952054685e-12,1.1121808012835249e-12,1.1768458981620746e-12,1.243416010185165e-12,1.7439427932824756e-11,7.731564981269682e-12,5.46291887941214e-13,1.0533884306204165e-12,1.851127454647174e-12,4.985331116882954e-12,5.666101639654591e-12,2.808295439354816e-13,1.2637083507879626e-12,1.5172838314914497e-12,5.844909174917548e-12,3.4200666348993616e-12,3.5365228348406677e-13,1.1488266061966932e-12,7.401285089497809e-13,4.551947399235667e-12,6.0919532805122985e-12,1.0009721435040381e-12,1.6998451125519505e-12,7.154581190908867e-13,3.3302945511461627e-12,6.626231353237043e-12,3.5740489887253513e-12,3.0152639082704232e-12,1.3096028184289923e-12,2.0179635163961593e-11,6.1009524508156316e-12,1.085318349100757e-12,2.2731774225100235e-12,1.2074125786615015e-12,9.853658077917146e-12,5.640394071024035e-12,5.409581613659103e-13,2.560063610164686e-12,1.3658035550668217e-12,3.4001082775823904e-12,3.429595455629651e-12,2.768540616338791e-13,2.6480716357832684e-12,1.064419481816061e-12,3.5184462601878307e-12,3.747424738538254e-12,7.17574449675312e-13,4.150745449989903e-12,1.076481248754455e-12,3.619932517415247e-12,6.127099306605507e-12,1.379049594700132e-12,3.3951236405879806e-12,3.3241045582277633e-12,8.876218037495556e-12,1.4198824388868999e-11,8.002618696688114e-12,4.416163042684235e-12,2.4971487567401267e-12,7.642836364868584e-12,1.3243427585378464e-11,5.714330823035026e-12,5.480487605071318e-12,2.8629028114054266e-12,5.896235354389164e-12,1.557051296878127e-11,9.742518517720464e-12,6.1049988949313415e-12,2.655300947666099e-12,5.372039194960772e-12,1.488746839343654e-11,8.415984276388794e-12,4.868944568351488e-12,2.5224402891281944e-12,2.7090136492501196e-12,8.131890146216155e-12,3.755662099777723e-12,7.682119198426471e-13,6.166450909699504e-13,2.4454947023290278e-12,1.1569109097150944e-11,3.930063950873878e-12,7.717628479569436e-13,2.0926978729777035e-12,7.906297743040776e-12,1.1136269083812232e-11,9.863758366834804e-12,6.355913819923398e-13,1.0748568701992735e-12,1.543253185857024e-11,1.0638293427644798e-11,8.661932650526238e-13,8.495554474899211e-13,1.7203455927530641e-12,8.27190539472576e-12,9.236770328935943e-12,4.235842319621262e-13,1.3112492617166233e-12,2.2806958784149867e-12,9.997323051713757e-12,5.3046419793477734e-12,6.184976804186894e-13,5.492118206145098e-13,1.5045672850643523e-12,6.423390080823542e-12,1.0418166062966803e-11,5.252309049841285e-12,1.2981345203824496e-12,1.6758906005108422e-12,1.664397022173966e-11,8.872851328156224e-12,4.3906526986940944e-13,1.962496263994942e-12,1.781074022099954e-12,4.394140885036044e-12,4.679804592818039e-12,2.1182337526687367e-13,1.9306744234153974e-12,1.2033851155938447e-12,5.615163048944859e-12,4.902752921196904e-12,6.417331129097872e-13,1.8295069555652088e-12,1.2531405000334357e-12,5.184004468444016e-12,3.946419073328728e-12,4.3083571125982156e-13,2.6617113898182003e-12,1.1166099496273357e-12,3.1728824165711874e-12,2.514869667020255e-12,6.001126737330437e-13,3.5203650833967438e-12,1.3381857622035106e-12,4.8838467363734226e-12,4.694945196273093e-12,1.6741608368938962e-12,2.898573503472595e-12,2.504073941656081e-12,5.350681763939545e-12,5.213063801364707e-12,1.1891948391170778e-12,2.2585134178071324e-12,2.289594071360244e-12,1.324660212380113e-11,2.2419130703804705e-11,6.620471642974545e-12,5.509594931122896e-13,1.0084260152057263e-12,1.481680319248069e-11,1.0202351762743612e-11,7.626537996915843e-13,2.7834909983537107e-12,1.5878907383112958e-12,1.787713832197712e-11,4.873966559026462e-12,8.271466169132073e-13,2.7382742483121273e-12,1.72197671404215e-12,2.010798296446921e-11,5.2367290449185405e-12,9.099702865933706e-13,7.135357510894046e-12,3.176534863960288e-12,4.4238394196095094e-12,4.919664343595041e-12,1.9463238058488664e-12,2.6354160035128085e-12,2.0974475408239165e-12,4.1704053661243584e-12,1.1812382985740917e-11,4.441892488127902e-12,6.031467754912533e-13,1.1360872578078072e-12,7.10753895207317e-12,1.625824938763867e-11,1.2157866441318383e-11,1.4399460054146078e-12,6.84586978956135e-13,3.500405038263399e-12,8.371082306404795e-12,5.9992758144322506e-12,3.694156703732892e-12,1.07085935407766e-12,3.819695482934223e-12,5.994976407057603e-12,1.2620269000553268e-12,2.7068122063250066e-12,2.345300311377937e-12,4.908398672021684e-12,5.690930268223232e-12,1.4147509331271922e-12,2.4920281979324234e-11,3.536389755895915e-12,3.7139546601804505e-12,7.031516967688835e-12,3.6038921115584333e-12,7.236042069066189e-12,2.325152169189986e-12,1.0912705700556042e-11,5.092722975161333e-11,1.582003058329803e-11,1.1267785845055867e-11,2.419667707592626e-12,1.2686017940535322e-11,1.3514610419958126e-11,5.630445609886304e-12,1.741110739780993e-11,1.7972440967386915e-12,1.2121646733628737e-11,2.616524942950948e-11,8.45668497503606e-12,3.437362321371351e-11,1.7515397636492777e-12,8.380033364969128e-12,4.034597058144965e-11,2.6642803673609372e-11,3.32558300806276e-12,1.2724886843689816e-12,7.857061059102648e-12,8.312250372569896e-12,1.923074791501244e-12,5.278757668074407e-12,1.94091694561102e-12,4.157793139178681e-12,6.656090230084499e-12,2.31862154246134e-12
3,1,val,27,1.1078631288441195e-09,4.4866368762265345e-11,1.59485721947486e-11,5.575247847714526e-11,2.650957466637773e-11,7.366702515829434e-10,4.210880377935251e-11,1.1013408590183706e-11,6.478737754187525e-11,1.665575012377555e-11,2.4105368500202544e-10,1.1833829840950627e-11,5.910043654491855e-12,3.4976452879709036e-11,1.0967001175798653e-11,5.5422916006137296e-11,7.373249288195992e-12,1.242627766537398e-11,3.6814537456848856e-11,1.1173039023726177e-11,1.0498853350115251e-11,5.8917567749394224e-12,1.297655365721695e-11,9.669204676140796e-12,1.442494477873336e-12,4.047798469685519e-11,5.253156009175406e-12,9.795534710376553e-12,8.150546169221818e-11,1.955567052943588e-11,1.6757585120094905e-10,1.2172278702522165e-11,2.384840127020235e-12,2.090902522806294e-11,4.848168785787359e-12,5.206878125496229e-11,5.196572690972219e-12,5.05446645538411e-12,1.3071452079504398e-11,3.5466272999062796e-12,6.922331583672796e-12,4.288740511971892e-12,7.369647137469029e-12,9.0253131635595e-12,1.086491921721921e-12,6.137246290897149e-12,4.808047320902899e-12,8.080479989764716e-12,9.934111142862732e-12,1.2569614071191816e-12,5.1766238067988035e-11,2.9786284944379836e-12,3.8454760826337494e-12,2.3455312704681058e-11,3.351731954781959e-12,2.8351828391489833e-11,3.819088304160612e-12,7.529476593912085e-12,2.0931901336421487e-11,4.007766440887311e-12,4.931505983820591e-12,2.3867377342672306e-12,9.52637672970215e-12,8.805027761768564e-12,6.360991044211905e-13,6.8458762639590914e-12,3.574480474388519e-12,3.1432389089462075e-12,1.0016996415927763e-11,6.237341056459936e-13,1.942159216837569e-11,3.052940632688859e-12,7.72230933482741e-12,8.290038066342345e-12,1.3709370222095968e-12,5.844008135312246e-11,3.743440045144447e-12,4.275234441071874e-12,1.6731217590983824e-11,3.2058193818263805e-12,2.0178458291488005e-11,3.676674981491452e-12,5.673098266774371e-12,1.0549502195116315e-11,7.240315649279566e-13,8.685581759534741e-12,1.8578498913673438e-12,4.823759716801168e-12,5.446991866327636e-12,4.2630264221317524e-13,6.3380187684542785e-12,9.693896006957277e-13,4.527582590487715e-12,5.707261520121706e-12,3.880411876604752e-13,1.210350110312687e-11,2.739173087723344e-12,4.762027037467406e-12,4.125756396999962e-12,6.302602950695253e-13,2.7272463596277765e-11,2.351283630785317e-12,6.86798328965802e-12,1.5326031836069418e-11,8.302313280779844e-13,4.52122970494366e-11,2.938772553759355e-12,3.3556276959464646e-12,8.786150954903943e-12,1.5901120481983285e-12,2.151242252825476e-11,2.978169181661201e-12,6.225519604861033e-12,8.937742435095151e-12,1.3265380433311956e-12,9.571853566506654e-12,1.495183499373586e-12,5.652975427403219e-12,5.544298753969597e-12,5.082688745398947e-13,1.1363049101958083e-11,1.9160708142902026e-12,4.557603749408756e-12,3.453144985741843e-12,3.787385139382237e-13,2.180661672049645e-11,3.754792005456084e-12,1.2416117709379513e-11,2.316688155330591e-11,3.639298443338655e-13,3.1423882032180465e-11,2.621331312149555e-12,9.26449107971743e-12,3.008785275697583e-11,7.659159838976086e-13,3.505385454850271e-11,5.853462714231458e-12,7.487242201949535e-12,1.4046008012504669e-11,1.030717662223112e-11,1.9705935075386784e-11,4.7482424728816985e-12,7.33138120771455e-12,1.1504411196830437e-11,4.366274869788884e-12,2.069127704950437e-11,5.114849791856764e-12,7.837022742159607e-12,1.934744680499102e-11,4.342005230290931e-12,2.6213463798924157e-11,4.584549373326379e-12,1.4050186745502962e-11,4.5326295552316677e-11,2.036819173715592e-12,3.387033673513723e-11,4.3386607041716435e-12,4.667157359223646e-12,1.7537054908177118e-11,1.6128241554265958e-12,1.5993614808416654e-11,5.217549910804082e-12,8.187008211866747e-12,1.3605794060435026e-11,2.618723594961889e-12,2.153702446010163e-11,3.6191978170872494e-12,6.863828709562179e-12,1.6421435864536542e-11,2.6189015086096057e-12,1.1959313081233121e-11,2.7281106912550593e-12,5.91597100680551e-12,7.571512487639786e-12,5.944619218542146e-13,4.668227247325403e-12,2.139668955404824e-12,4.1007250448740385e-12,7.564911023593054e-12,5.314886523369295e-13,8.35826109629675e-12,3.734491567067724e-12,3.0924000987100656e-12,5.965656047014617e-12,7.512764864018899e-13,3.851130277092484e-11,2.0815846418133466e-12,4.428251167034827e-12,1.567621319296536e-11,2.219544470587616e-12,5.1228720292578915e-12,1.2986285993573347e-12,6.593574525238675e-12,7.1897350003723415e-12,4.1461954740256235e-13,1.0198583727667053e-11,1.6365610112208656e-12,3.1161932062377966e-12,3.258912851765694e-12,3.758109898991939e-13,1.9043275888005843e-11,3.2322865400190454e-12,9.333257277779872e-12,1.199634511507175e-11,7.76688165978238e-13,9.326276250222976e-12,1.1728119868001124e-12,4.562539254564175e-12,4.5163123602053876e-12,3.7946538859968065e-13,1.7325798590777874e-11,2.899957401698028e-12,8.479841917266082e-12,9.994019023443707e-12,4.0693148663242144e-13,1.4902093906222823e-11,3.419856055979062e-12,7.74804678485585e-12,1.1526037080547828e-11,6.635487918836084e-13,1.5888995694015876e-10,1.1106984452319512e-11,4.083573856559065e-12,9.915378565008784e-12,1.2703068425268138e-12,3.692104126984542e-11,5.747863729424049e-12,4.9043045152483215e-12,4.1273110320637774e-11,6.13691605940498e-12,1.184147155452822e-11,2.5303405870723887e-12,5.843481646497752e-12,7.49026707870936e-12,4.591926307206853e-13,1.3882043625339584e-11,2.197218252617607e-12,4.955591478129517e-12,7.682006808847456e-12,5.223475301890837e-13,1.6560784669651276e-11,3.030686488032209e-12,4.8358260303068464e-12,8.858038960624039e-12,8.824137317066869e-13,1.8664495493687238e-10,1.4227588939453426e-11,2.8211329090614908e-12,5.968512344311299e-12,1.5935524676066397e-12,1.0218787324151069e-10,7.610596783342079e-12,2.4361563361648763e-12,1.1354606780880662e-11,3.1061503803884345e-12,3.9776914295431116e-11,2.1543405759108117e-12,6.475363303377413e-12,2.5302753090185242e-11,5.217249283512876e-12,4.286871760538595e-11,2.686732996213983e-12,3.099805128694886e-12,1.1026941987872875e-11,2.6306629044260573e-12,3.075284384811219e-11,2.8335989423533996e-12,8.801662847100554e-12,2.865065475527653e-11,7.289761381355227e-13,1.9895268498733518e-10,1.3049802382428026e-11,3.9898643986483665e-12,9.08870564569487e-12,1.2204244561858417e-12,5.253064461884687e-10,3.3149091555105447e-11,2.841690654539444e-12,1.105216760561775e-11,2.4401180035420443e-12,6.602031877250025e-10,2.612807925817321e-11,1.1463597834633029e-11,5.99885378315094e-11,1.5608747169498305e-11,2.395283493505009e-10,9.86034591145202e-12,1.1057113548429127e-11,1.2961745633288864e-11,3.590362032490377e-12,1.5983885808435858e-10,1.0767843843501593e-11,9.756469759518183e-12,2.7918089785763302e-11,1.3420371197709866e-11,3.5880736002382844e-10,3.4124427600047024e-11,6.400811713392321e-12,5.2223651747149385e-11,1.3855578277157745e-11,1.4980037240863276e-11,3.580032538140265e-12,7.836334224106957e-12,8.255424182213472e-12,1.256252425525147e-12,2.3065416690156258e-11,5.355621883764094e-12,2.0746757770773695e-11,4.7508789698508925e-11,4.672077831495938e-13
3,1,val,28,4.189540411556202e-10,4.1389387216076514e-11,2.2927572083132045e-11,5.062595781143303e-11,3.1273744928015766e-11,6.717141537931386e-10,6.392034429586401e-11,2.7470238761911824e-11,1.5755604323189398e-10,3.826411916872438e-11,7.172787102009487e-11,3.5227317723713134e-12,7.219241218702256e-12,2.3729455128810152e-11,5.723528186339655e-12,7.823368023827788e-12,3.024486524835133e-12,1.4240568816238616e-11,3.891525357374633e-11,1.1076755310039779e-11,9.21883064406306e-12,1.083585756702793e-11,2.2789013060164402e-11,2.012311768987168e-11,1.7586545292437534e-12,4.848106110739217e-11,9.601639656351565e-12,2.6789895848311946e-11,1.8928972424285288e-10,5.416795686885302e-11,1.1055829379397184e-10,1.2838900632355349e-11,7.988248995770186e-12,2.938910494771502e-11,8.090461902318495e-12,2.0735918401282712e-11,1.6718597938049388e-12,4.549422209788745e-12,1.0966174481216884e-11,3.275732073675583e-12,2.719332724617555e-12,5.0623578778284365e-12,1.1783923281945132e-11,1.267904025363071e-11,1.4696927569584939e-12,3.6300668979595412e-12,7.117119870834819e-12,2.144329064456601e-11,2.027785094419938e-11,1.963204343676819e-12,2.0757794357825668e-11,3.970270406785705e-12,1.0460091763061794e-11,3.271168791545479e-11,5.905699262664609e-12,3.578639350330475e-11,4.175806343141289e-12,7.318087188258355e-12,1.5487045094368506e-11,4.167829721301411e-12,8.674664822245693e-12,1.821877961615227e-12,1.3148493897630182e-11,8.085247630647922e-12,1.3611494623064846e-12,5.971756791736055e-12,3.177434419367965e-12,1.2704518644165738e-11,1.3234948999501457e-11,2.3332343153342865e-12,4.203526744088465e-12,3.167393697161097e-12,2.4805413210393287e-11,1.7740417537759577e-11,2.2542614127904455e-12,1.1608396420332577e-11,2.685473540605849e-12,7.112481475084846e-12,1.8301251088437536e-11,2.790405802569531e-12,4.5762924877675104e-11,9.989726105947147e-12,2.3455858976626832e-11,2.6109263504193966e-11,3.775236198542939e-12,1.7717308735358467e-11,3.1213044075419765e-12,1.1625817932802622e-11,8.785751928324551e-12,7.232105970840083e-13,8.774147218780238e-12,1.3330087208160117e-12,6.979035144841078e-12,6.5803160429239995e-12,7.385695706682642e-13,5.780419524767828e-12,2.5782864013949616e-12,9.60588668117694e-12,8.990687050799879e-12,8.171946039110296e-13,2.940008919540096e-12,1.816060164108574e-12,1.662272259535556e-11,8.19470536355445e-12,1.0184196469262403e-12,7.177174204685019e-12,2.1486284483194596e-12,6.236411455157872e-12,8.866172306151679e-12,1.8015535403653166e-12,2.1457615466387748e-11,6.699706638439636e-12,4.881658792797262e-11,2.99374147154276e-11,1.227564444994188e-12,1.173042445296574e-11,2.6127574354039425e-12,1.5505131737332972e-11,9.893186612421282e-12,3.8367880142500157e-13,7.778322539588191e-12,1.7923772772157246e-12,2.171062586603055e-12,4.92038829447482e-12,3.637073427808191e-13,4.52476464162326e-12,2.724131071747417e-12,1.1892813780012676e-11,9.992563266704616e-12,4.550210707243475e-13,5.725521533963623e-12,3.549341154688796e-12,2.20137603403921e-11,2.099793339786208e-11,6.188084113022562e-13,3.220910009182369e-11,9.128650249211291e-12,4.034684409511743e-11,2.160701633941787e-11,6.250617838487478e-12,1.8957735622303048e-11,6.595789440954825e-12,4.1696097332981954e-11,2.1695045836956882e-11,2.8413933745739053e-12,1.935564421833125e-11,6.908570432199647e-12,2.150301272050027e-11,2.236877053874945e-11,3.6360647696361127e-12,1.4793130689128616e-11,7.121994046372115e-12,2.575854628582832e-11,3.515298458869968e-11,2.6559063662204444e-12,1.8308548105019818e-11,6.776201227192419e-12,2.46048302019502e-11,2.7444695847429594e-11,1.559823385466934e-12,6.121369136784219e-12,2.811552857631977e-12,6.719861359968029e-12,1.3017431902021123e-11,3.1044624703648544e-12,1.007923869620364e-11,4.5336782309621295e-12,1.7283067634068142e-11,3.4731215691490625e-11,6.5101310945461e-12,1.648613473831889e-11,2.122347385229496e-12,7.61446525405767e-12,6.557920365941389e-12,1.4401254074564221e-12,5.958962310480189e-12,2.3176458526974828e-12,7.347768660716401e-12,7.741814529447479e-12,1.0871214159018244e-12,3.641518980490009e-12,4.053252065532264e-12,1.3608409591145211e-11,1.2711614818364152e-11,1.313818625172619e-12,6.3244294483861e-12,1.9454132264821987e-12,1.4075574454820331e-11,1.777842501620376e-11,3.0343200297104167e-12,9.201498529626684e-12,2.105515361982788e-12,1.2546585253371294e-11,6.756033330420745e-12,6.865253278351762e-13,6.379770745448269e-12,1.9907430897269994e-12,4.6537563026184645e-12,6.7400112514237434e-12,6.512583955167736e-13,4.3583294880376486e-12,2.3967855944248966e-12,1.890659533741578e-11,1.0839561214513265e-11,9.022746069388106e-13,8.484439836517513e-12,1.9016786007267594e-12,4.630959864507259e-12,4.008123375661498e-12,3.3432034571020917e-13,6.9435779909946275e-12,2.077031138593425e-12,4.678313134583401e-12,6.66448425889069e-12,5.193133447425464e-13,1.206629906444485e-11,3.054155065380596e-12,5.200320648820013e-12,7.886563380788116e-12,6.043291998030607e-13,1.1577349032115028e-10,7.187727172867214e-12,5.4360442174160975e-12,8.13785848996752e-12,1.2140060809301072e-12,5.673019218081832e-11,5.826099895637148e-12,1.0855630481788531e-11,2.2388050139086796e-11,9.416464829996221e-12,1.649366265222625e-11,2.128349980572654e-12,7.770358532625955e-12,6.508058922489007e-12,1.4842403834049204e-12,2.7308872489608523e-11,6.26222593284536e-12,1.630345687818846e-11,1.3576049136644436e-11,1.1467543213331077e-12,2.479645751238913e-11,7.81136225035632e-12,3.265581587396241e-11,2.3971612982226137e-11,1.699329670150235e-12,4.6101381149717937e-11,8.702004103519558e-12,5.267429445091046e-12,1.0850991993512601e-11,9.927127971664186e-13,2.0943179676231835e-11,4.253927344062919e-12,7.060017379753893e-12,8.14946619325835e-12,2.4734941119634475e-12,4.811889538421559e-12,1.3077350019043283e-12,1.1399715295657776e-11,2.1712359956762336e-11,5.40160424634962e-12,6.585797187910829e-12,1.7739789898135704e-12,7.558824542595791e-12,9.622031557767245e-12,2.460475578616126e-12,6.05054658938203e-12,3.426826410697744e-12,2.0954941683973145e-11,1.931998441183096e-11,5.681763632570189e-13,1.2133656359739483e-10,6.923488484719127e-12,4.977574861554207e-12,8.587649883395614e-12,1.3717836270066147e-12,2.4250761203673707e-10,2.5242539127731324e-11,7.349383650113272e-12,1.7027615753989347e-11,3.4509420321390802e-12,6.249407959856479e-11,6.730167808926309e-12,1.3927113643869545e-11,3.6766670422482527e-11,1.6807676964568857e-11,8.223931716941922e-11,9.178775810943058e-12,1.3960831621074198e-11,1.796171249252693e-11,2.629954240258691e-12,2.0566915323536193e-10,2.0119621463364845e-11,2.15871420666714e-11,5.117700986547559e-11,8.382602293820285e-12,5.432677453890397e-10,4.348187047575302e-11,1.530277034773881e-11,8.900135737740438e-11,2.7464727553157534e-11,1.6037848893294285e-11,5.217115835037347e-12,3.461769148504168e-11,1.6919457931224968e-11,8.24939325137657e-13,1.12239556374611e-11,4.984191777266343e-12,1.5111944393943107e-11,2.3981634483029996e-11,9.481939984483185e-13
3,1,val,29,3.841250954707859e-11,6.320897505918622e-12,9.074837332248064e-12,4.7411813423922025e-11,1.2202443308199e-11,6.030323748478353e-11,6.0212940991428854e-12,4.4303534168823346e-12,7.853822306259393e-11,2.260784183372078e-11,7.881240110287737e-12,8.880678714094043e-12,1.1894815796573282e-11,3.2556439462237284e-11,1.2076168588053992e-11,3.1273704301548624e-12,4.108314629577081e-12,5.20291589734575e-12,2.5670429332378188e-11,5.987215871033177e-12,3.226707184372468e-12,2.2953367831300444e-12,1.1795769766254826e-11,5.031011405533326e-12,9.421883203078148e-13,4.046681302834524e-12,4.30789289498541e-12,1.6351475144266854e-11,1.2247558022469987e-10,3.4959742045137005e-11,1.0457487517603003e-11,6.5050265970586276e-12,3.5936544665100172e-12,1.428403719080006e-11,4.697366280377148e-12,5.1002628092084496e-12,3.320834339439735e-12,4.353150759066836e-12,1.461533529343362e-11,3.0661709309432537e-12,3.6630332139685326e-12,1.8009920966500009e-12,5.88426242245783e-12,4.883904083262312e-12,8.522366230085534e-13,3.5663721045660554e-12,4.1789475166256625e-12,1.4156766047668021e-11,6.547990945456065e-12,8.174788303334192e-13,2.372996398084379e-12,1.8107453425212374e-12,7.5094397470949e-12,1.3015636023244648e-11,3.8455773775894586e-12,2.220940486708597e-12,3.0827933083945155e-12,1.1023318418135566e-11,1.0978278166260809e-11,3.3164022181574315e-12,4.492124582488604e-12,1.6891703151063925e-12,9.351267199446839e-12,1.0490070066483045e-11,4.425472127692627e-13,4.706624954453886e-12,9.110209989436412e-12,1.2368207298425115e-11,5.433797161599178e-12,8.619878204265339e-13,2.517301273721897e-12,3.1860913971707032e-12,8.566845343200683e-12,7.988575879418554e-12,7.97408775414994e-13,3.0058138357619282e-12,1.8476802336738722e-12,1.8164563039230337e-12,8.623130399883604e-12,1.5519685081875408e-12,3.3281721343662727e-12,9.591366946215656e-13,1.2593499345583406e-11,8.463232674231554e-12,1.0995825966174595e-12,5.54898969236814e-13,1.2329498693358628e-12,6.916774190724191e-12,4.979504630990231e-12,4.1549093318474134e-13,1.8710133687163346e-12,2.49581875756717e-12,5.647320949388512e-12,6.033139332491855e-12,3.4941588758064106e-13,1.5560613215069763e-12,4.505463929220118e-12,7.559094459424621e-12,4.180399337713917e-12,3.90824174757913e-13,1.9574140973336534e-12,1.656897834344387e-12,2.533543004862586e-12,5.3313374476728315e-12,4.994254403822018e-13,6.364563161842917e-12,8.785478555733928e-13,1.5873011861242979e-12,6.492687289187648e-12,7.294004631464561e-13,4.0827406420875336e-12,3.0573237989155132e-12,1.1923873083689e-11,5.855461016044162e-12,7.44944093226534e-13,8.327532735249297e-13,1.0651740468798254e-12,4.01314154489262e-12,4.930155032855312e-12,3.5024384001529743e-13,6.91294131627947e-13,1.3391447325706051e-12,3.069485860182169e-12,4.8452523387369076e-12,3.3238488234840743e-13,1.6280908538596977e-12,1.791248106832306e-12,2.7816028008328115e-12,6.8928938782405406e-12,4.426561837020065e-13,4.809334152110877e-12,2.7743185676045225e-12,2.8305899126054452e-12,7.440054647698942e-12,4.841552385357078e-13,8.118972685395249e-12,3.1004662167146414e-12,1.1582283205131321e-11,1.4301095548221693e-11,3.6138584255054086e-12,8.792408650571888e-12,2.747067861765164e-12,7.055206005708644e-12,9.68925580646909e-12,3.4522340551669304e-12,7.686619183665336e-12,2.8456299694660913e-12,4.98261335222605e-12,1.5164923504533458e-11,4.482188291228478e-12,7.046348465297457e-12,4.905296064842898e-12,3.196311808334996e-12,1.838733737351203e-11,2.8937716203958734e-12,6.727209908002569e-12,2.3367397901909016e-12,4.3461662025597775e-12,1.0267446622363644e-11,1.7996005035927964e-12,4.205290121367707e-12,1.6503970033088838e-12,2.076461756948905e-12,1.088541963145637e-11,1.8163897262268077e-12,3.772098756309664e-12,2.356180579913171e-12,1.27628481195635e-11,1.836578274279209e-11,4.287101310853529e-12,1.9162858668289327e-12,1.4523658629004114e-12,5.817581008071084e-12,6.9082846093238946e-12,6.41292089739228e-13,4.328510843882461e-12,3.3816421420141194e-12,7.948760026447813e-12,6.891376739915585e-12,4.709167511704067e-13,2.9840472779382675e-12,5.446029612166203e-12,1.0940329364882263e-11,4.515825765610127e-12,6.187174997913547e-13,2.089142873724419e-12,1.4515243683624382e-12,3.814721625567404e-12,7.432827185338368e-12,1.5433485163612983e-12,1.7827297119294205e-12,1.50900862870386e-12,7.450273154468916e-12,7.634255369439028e-12,2.95307133722414e-13,1.5877665139537661e-12,3.598795257760228e-12,7.309543007717561e-12,4.503520166308149e-12,3.4012256911172086e-13,1.4145086911678504e-12,2.3821488482344335e-12,5.494409006451527e-12,5.213612807514028e-12,4.908186278708928e-13,4.820050934301506e-13,9.726151208443282e-13,2.2216824109553303e-12,4.768003837275932e-12,3.4643753917142413e-13,9.624935608652618e-13,1.7841526790269406e-12,3.4468980939980796e-12,5.101389762395154e-12,4.090838676112142e-13,2.0746874659905193e-12,1.6761965197657611e-12,1.5916223277815699e-12,7.933241668011132e-12,8.666283899252683e-13,1.0036603034004046e-11,8.814625440893418e-12,1.701741144728643e-11,9.359694834682357e-12,2.4497280532206822e-12,5.8215672758131055e-12,4.819846511883903e-12,1.768727007687637e-11,2.13780011883493e-11,1.238015525193395e-11,1.5338173458672295e-12,1.521870877034182e-12,5.7566595714759905e-12,7.539902205909057e-12,6.78931043597178e-13,1.8638972514163826e-12,8.405181301965393e-13,1.0918082800859384e-11,6.227054083079945e-12,5.310941392012976e-13,3.1277590665629317e-12,1.632960081291595e-12,1.2718850602871703e-11,5.9127826896429016e-12,5.821939102074247e-13,9.02962406920096e-12,5.242539317599441e-12,2.152504915562848e-12,6.76737842734387e-12,1.5544845448713544e-12,4.693472986338017e-12,2.6240185526010205e-12,3.0834684562320517e-12,1.1868521652962339e-11,2.928717136989324e-12,2.532344194546551e-12,1.6165525319197486e-12,1.6952552717878031e-12,1.2957754178922978e-11,2.353978263303656e-12,5.639700100673695e-12,9.70199255825763e-13,1.5429197830741963e-12,7.338338489952555e-12,1.1712667634184385e-12,5.419163508500535e-12,2.6137545739397536e-12,2.8429353547591483e-12,7.2740558701644676e-12,5.266328261852056e-13,1.0394268173505729e-11,8.670148205108881e-12,1.799377150989089e-11,9.45221366313843e-12,2.905805267215233e-12,2.485301515759719e-11,1.0580925787710095e-11,2.35595574456014e-12,6.580484063866991e-12,2.4031164683560586e-12,1.7300575094460207e-11,9.497355525699424e-12,1.1822340043770725e-11,4.7462598813954606e-11,1.7599773613782756e-11,7.437596079552316e-12,4.382483134940433e-12,3.3919254966487386e-12,5.8077688943907245e-12,1.4476243137041501e-12,2.180715510823726e-11,4.0135209510967036e-12,6.912709196615074e-12,1.6530104912155564e-11,4.0668059447169265e-12,4.360232136312524e-11,1.0031533352728219e-11,5.621046633881047e-12,6.330252266298432e-11,1.0687281049663166e-11,5.381194581304882e-12,2.399841549300739e-12,4.411850803395749e-12,7.686929969531707e-12,9.783504588072394e-13,5.286082997361919e-12,4.193132066821658e-12,2.3292565665971453e-12,1.4833241556738324e-11,1.01596533161706e-12
